Timestamp,AccelX,AccelY,AccelZ,MagX,MagY,MagZ,GyroX,GyroY,GyroZ
20170214153141936,-1,0,0,0,0,0,0,0,0
20170214153141939,-1,0,0,0,0,0,0,0,0
20170214153141939,-1,0,0,0,0,0,0,0,0
20170214153141939,-1,0,0,0,0,0,0,0,0
20170214153141939,-1,0,0,0,0,0,0,0,0
20170214153141939,-1,0,0,0,0,0,0,0,0
20170214153141939,-1,0,0,0,0,0,0,0,0
20170214153141939,-1,0,0,0,0,0,0,0,0
20170214153141939,-1,0,0,0,0,0,0,0,0
20170214153142929,-0.9,0,0.1,-1.5,-12.1,-104.3,0.5,0.5,-4.4
20170214153142929,-0.9,0,0.1,-1.5,-12.1,-104.3,0.5,0.5,-4.4
20170214153142929,-0.9,0,0.1,-1.5,-12.1,-104.3,0.5,0.5,-4.4
20170214153142929,-0.9,0,0.1,-1.5,-12.1,-104.3,0.5,0.5,-4.4
20170214153142929,-0.9,0,0.1,-1.5,-12.1,-104.3,0.5,0.5,-4.4
20170214153142929,-0.9,0,0.1,-1.5,-12.1,-104.3,0.5,0.5,-4.4
20170214153142929,-0.9,0,0.1,-1.5,-12.1,-104.3,0.5,0.5,-4.4
20170214153142929,-0.9,0,0.1,-1.5,-12.1,-104.3,0.5,0.5,-4.4
20170214153142929,-0.9,0,0.1,-1.5,-12.1,-104.3,0.5,0.5,-4.4
20170214153143922,-1,0,0,-1.8,-9.7,-104.8,1.6,0,-5.4
20170214153143923,-1,0,0,-1.8,-9.7,-104.8,1.6,0,-5.4
20170214153143923,-1,0,0,-1.8,-9.7,-104.8,1.6,0,-5.4
20170214153143923,-1,0,0,-1.8,-9.7,-104.8,1.6,0,-5.4
20170214153143923,-1,0,0,-1.8,-9.7,-104.8,1.6,0,-5.4
20170214153143923,-1,0,0,-1.8,-9.7,-104.8,1.6,0,-5.4
20170214153143923,-1,0,0,-1.8,-9.7,-104.8,1.6,0,-5.4
20170214153143923,-1,0,0,-1.8,-9.7,-104.8,1.6,0,-5.4
20170214153143923,-1,0,0,-1.8,-9.7,-104.8,1.6,0,-5.4
20170214153144916,-1,0,0.1,-1.8,-10.8,-104.3,0.7,0.6,-3.1
20170214153144916,-1,0,0.1,-1.8,-10.8,-104.3,0.7,0.6,-3.1
20170214153144916,-1,0,0.1,-1.8,-10.8,-104.3,0.7,0.6,-3.1
20170214153144916,-1,0,0.1,-1.8,-10.8,-104.3,0.7,0.6,-3.1
20170214153144916,-1,0,0.1,-1.8,-10.8,-104.3,0.7,0.6,-3.1
20170214153144916,-1,0,0.1,-1.8,-10.8,-104.3,0.7,0.6,-3.1
20170214153144916,-1,0,0.1,-1.8,-10.8,-104.3,0.7,0.6,-3.1
20170214153144916,-1,0,0.1,-1.8,-10.8,-104.3,0.7,0.6,-3.1
20170214153144916,-1,0,0.1,-1.8,-10.8,-104.3,0.7,0.6,-3.1
20170214153145910,-0.9,0,0.1,-2.7,-10.9,-104.2,1.9,-0.2,-4.7
20170214153145910,-0.9,0,0.1,-2.7,-10.9,-104.2,1.9,-0.2,-4.7
20170214153145910,-0.9,0,0.1,-2.7,-10.9,-104.2,1.9,-0.2,-4.7
20170214153145911,-0.9,0,0.1,-2.7,-10.9,-104.2,1.9,-0.2,-4.7
20170214153145911,-0.9,0,0.1,-2.7,-10.9,-104.2,1.9,-0.2,-4.7
20170214153145911,-0.9,0,0.1,-2.7,-10.9,-104.2,1.9,-0.2,-4.7
20170214153145911,-0.9,0,0.1,-2.7,-10.9,-104.2,1.9,-0.2,-4.7
20170214153145911,-0.9,0,0.1,-2.7,-10.9,-104.2,1.9,-0.2,-4.7
20170214153145911,-0.9,0,0.1,-2.7,-10.9,-104.2,1.9,-0.2,-4.7
20170214153146903,-1,0,0,-3.1,-10.9,-102.8,0.1,0.4,-3.7
20170214153146903,-1,0,0,-3.1,-10.9,-102.8,0.1,0.4,-3.7
20170214153146903,-1,0,0,-3.1,-10.9,-102.8,0.1,0.4,-3.7
20170214153146903,-1,0,0,-3.1,-10.9,-102.8,0.1,0.4,-3.7
20170214153146903,-1,0,0,-3.1,-10.9,-102.8,0.1,0.4,-3.7
20170214153146903,-1,0,0,-3.1,-10.9,-102.8,0.1,0.4,-3.7
20170214153146903,-1,0,0,-3.1,-10.9,-102.8,0.1,0.4,-3.7
20170214153146904,-1,0,0,-3.1,-10.9,-102.8,0.1,0.4,-3.7
20170214153146904,-1,0,0,-3.1,-10.9,-102.8,0.1,0.4,-3.7
20170214153147897,-1,0.1,0.1,-1.3,-10.6,-103.1,0.3,1.2,-4.1
20170214153147897,-1,0.1,0.1,-1.3,-10.6,-103.1,0.3,1.2,-4.1
20170214153147897,-1,0.1,0.1,-1.3,-10.6,-103.1,0.3,1.2,-4.1
20170214153147897,-1,0.1,0.1,-1.3,-10.6,-103.1,0.3,1.2,-4.1
20170214153147897,-1,0.1,0.1,-1.3,-10.6,-103.1,0.3,1.2,-4.1
20170214153147897,-1,0.1,0.1,-1.3,-10.6,-103.1,0.3,1.2,-4.1
20170214153147897,-1,0.1,0.1,-1.3,-10.6,-103.1,0.3,1.2,-4.1
20170214153147897,-1,0.1,0.1,-1.3,-10.6,-103.1,0.3,1.2,-4.1
20170214153147898,-1,0.1,0.1,-1.3,-10.6,-103.1,0.3,1.2,-4.1
2017021415314991,-0.9,0,0.1,-2.2,-9.7,-104.8,0.6,0.8,-3.9
2017021415314991,-0.9,0,0.1,-2.2,-9.7,-104.8,0.6,0.8,-3.9
2017021415314991,-0.9,0,0.1,-2.2,-9.7,-104.8,0.6,0.8,-3.9
2017021415314991,-0.9,0,0.1,-2.2,-9.7,-104.8,0.6,0.8,-3.9
2017021415314991,-0.9,0,0.1,-2.2,-9.7,-104.8,0.6,0.8,-3.9
2017021415314991,-0.9,0,0.1,-2.2,-9.7,-104.8,0.6,0.8,-3.9
2017021415314991,-0.9,0,0.1,-2.2,-9.7,-104.8,0.6,0.8,-3.9
2017021415314992,-0.9,0,0.1,-2.2,-9.7,-104.8,0.6,0.8,-3.9
2017021415314992,-0.9,0,0.1,-2.2,-9.7,-104.8,0.6,0.8,-3.9
2017021415315085,-1,0,0.1,-1.5,-12.6,-104.8,1.3,2,-4.6
2017021415315085,-1,0,0.1,-1.5,-12.6,-104.8,1.3,2,-4.6
2017021415315085,-1,0,0.1,-1.5,-12.6,-104.8,1.3,2,-4.6
2017021415315085,-1,0,0.1,-1.5,-12.6,-104.8,1.3,2,-4.6
2017021415315085,-1,0,0.1,-1.5,-12.6,-104.8,1.3,2,-4.6
2017021415315085,-1,0,0.1,-1.5,-12.6,-104.8,1.3,2,-4.6
2017021415315085,-1,0,0.1,-1.5,-12.6,-104.8,1.3,2,-4.6
2017021415315085,-1,0,0.1,-1.5,-12.6,-104.8,1.3,2,-4.6
2017021415315085,-1,0,0.1,-1.5,-12.6,-104.8,1.3,2,-4.6
2017021415315177,-1,0,0,-1.9,-11.7,-103.9,1.1,0.9,-3.5
2017021415315177,-1,0,0,-1.9,-11.7,-103.9,1.1,0.9,-3.5
2017021415315177,-1,0,0,-1.9,-11.7,-103.9,1.1,0.9,-3.5
2017021415315177,-1,0,0,-1.9,-11.7,-103.9,1.1,0.9,-3.5
2017021415315177,-1,0,0,-1.9,-11.7,-103.9,1.1,0.9,-3.5
2017021415315177,-1,0,0,-1.9,-11.7,-103.9,1.1,0.9,-3.5
2017021415315177,-1,0,0,-1.9,-11.7,-103.9,1.1,0.9,-3.5
2017021415315177,-1,0,0,-1.9,-11.7,-103.9,1.1,0.9,-3.5
2017021415315177,-1,0,0,-1.9,-11.7,-103.9,1.1,0.9,-3.5
2017021415315271,-1,0,0,-2.2,-10,-105.1,-0.1,1.2,-5
2017021415315271,-1,0,0,-2.2,-10,-105.1,-0.1,1.2,-5
2017021415315271,-1,0,0,-2.2,-10,-105.1,-0.1,1.2,-5
2017021415315271,-1,0,0,-2.2,-10,-105.1,-0.1,1.2,-5
2017021415315271,-1,0,0,-2.2,-10,-105.1,-0.1,1.2,-5
2017021415315271,-1,0,0,-2.2,-10,-105.1,-0.1,1.2,-5
2017021415315271,-1,0,0,-2.2,-10,-105.1,-0.1,1.2,-5
2017021415315272,-1,0,0,-2.2,-10,-105.1,-0.1,1.2,-5
2017021415315272,-1,0,0,-2.2,-10,-105.1,-0.1,1.2,-5
2017021415315364,-1,0,0,-1.8,-10.3,-103,1.6,1.4,-4.5
2017021415315365,-1,0,0,-1.8,-10.3,-103,1.6,1.4,-4.5
2017021415315365,-1,0,0,-1.8,-10.3,-103,1.6,1.4,-4.5
2017021415315365,-1,0,0,-1.8,-10.3,-103,1.6,1.4,-4.5
2017021415315365,-1,0,0,-1.8,-10.3,-103,1.6,1.4,-4.5
2017021415315365,-1,0,0,-1.8,-10.3,-103,1.6,1.4,-4.5
2017021415315365,-1,0,0,-1.8,-10.3,-103,1.6,1.4,-4.5
2017021415315365,-1,0,0,-1.8,-10.3,-103,1.6,1.4,-4.5
2017021415315365,-1,0,0,-1.8,-10.3,-103,1.6,1.4,-4.5
2017021415315458,-1,0,0,-2.8,-10,-103.7,1.7,-0.5,-3.8
2017021415315458,-1,0,0,-2.8,-10,-103.7,1.7,-0.5,-3.8
2017021415315458,-1,0,0,-2.8,-10,-103.7,1.7,-0.5,-3.8
2017021415315458,-1,0,0,-2.8,-10,-103.7,1.7,-0.5,-3.8
2017021415315458,-1,0,0,-2.8,-10,-103.7,1.7,-0.5,-3.8
2017021415315458,-1,0,0,-2.8,-10,-103.7,1.7,-0.5,-3.8
2017021415315458,-1,0,0,-2.8,-10,-103.7,1.7,-0.5,-3.8
2017021415315458,-1,0,0,-2.8,-10,-103.7,1.7,-0.5,-3.8
2017021415315458,-1,0,0,-2.8,-10,-103.7,1.7,-0.5,-3.8
2017021415315552,-0.9,0,0,-2.8,-11.1,-104.8,1,0,-3.2
2017021415315552,-0.9,0,0,-2.8,-11.1,-104.8,1,0,-3.2
2017021415315552,-0.9,0,0,-2.8,-11.1,-104.8,1,0,-3.2
2017021415315552,-0.9,0,0,-2.8,-11.1,-104.8,1,0,-3.2
2017021415315552,-0.9,0,0,-2.8,-11.1,-104.8,1,0,-3.2
2017021415315552,-0.9,0,0,-2.8,-11.1,-104.8,1,0,-3.2
2017021415315552,-0.9,0,0,-2.8,-11.1,-104.8,1,0,-3.2
2017021415315552,-0.9,0,0,-2.8,-11.1,-104.8,1,0,-3.2
2017021415315552,-0.9,0,0,-2.8,-11.1,-104.8,1,0,-3.2
2017021415315646,-1,0,0.1,-1.5,-10,-104,2.9,0.9,-4.2
2017021415315646,-1,0,0.1,-1.5,-10,-104,2.9,0.9,-4.2
2017021415315647,-1,0,0.1,-1.5,-10,-104,2.9,0.9,-4.2
2017021415315647,-1,0,0.1,-1.5,-10,-104,2.9,0.9,-4.2
2017021415315647,-1,0,0.1,-1.5,-10,-104,2.9,0.9,-4.2
2017021415315663,-1,0,0.1,-1.5,-10,-104,2.9,0.9,-4.2
2017021415315663,-1,0,0.1,-1.5,-10,-104,2.9,0.9,-4.2
2017021415315663,-1,0,0.1,-1.5,-10,-104,2.9,0.9,-4.2
2017021415315663,-1,0,0.1,-1.5,-10,-104,2.9,0.9,-4.2
2017021415315741,-0.9,0,0,-1.2,-11.1,-104,2.4,-0.4,-4.6
2017021415315741,-0.9,0,0,-1.2,-11.1,-104,2.4,-0.4,-4.6
2017021415315741,-0.9,0,0,-1.2,-11.1,-104,2.4,-0.4,-4.6
2017021415315741,-0.9,0,0,-1.2,-11.1,-104,2.4,-0.4,-4.6
2017021415315741,-0.9,0,0,-1.2,-11.1,-104,2.4,-0.4,-4.6
2017021415315741,-0.9,0,0,-1.2,-11.1,-104,2.4,-0.4,-4.6
2017021415315741,-0.9,0,0,-1.2,-11.1,-104,2.4,-0.4,-4.6
2017021415315741,-0.9,0,0,-1.2,-11.1,-104,2.4,-0.4,-4.6
2017021415315741,-0.9,0,0,-1.2,-11.1,-104,2.4,-0.4,-4.6
2017021415315833,-1,-0.1,0,-1.2,-10.8,-104,0.6,0.1,-4.1
2017021415315833,-1,-0.1,0,-1.2,-10.8,-104,0.6,0.1,-4.1
2017021415315833,-1,-0.1,0,-1.2,-10.8,-104,0.6,0.1,-4.1
2017021415315833,-1,-0.1,0,-1.2,-10.8,-104,0.6,0.1,-4.1
2017021415315833,-1,-0.1,0,-1.2,-10.8,-104,0.6,0.1,-4.1
2017021415315834,-1,-0.1,0,-1.2,-10.8,-104,0.6,0.1,-4.1
2017021415315834,-1,-0.1,0,-1.2,-10.8,-104,0.6,0.1,-4.1
2017021415315834,-1,-0.1,0,-1.2,-10.8,-104,0.6,0.1,-4.1
2017021415315834,-1,-0.1,0,-1.2,-10.8,-104,0.6,0.1,-4.1
2017021415315927,-1,0,0,-2.7,-10.6,-104.2,3.4,0.4,-2.3
2017021415315927,-1,0,0,-2.7,-10.6,-104.2,3.4,0.4,-2.3
2017021415315927,-1,0,0,-2.7,-10.6,-104.2,3.4,0.4,-2.3
2017021415315927,-1,0,0,-2.7,-10.6,-104.2,3.4,0.4,-2.3
2017021415315927,-1,0,0,-2.7,-10.6,-104.2,3.4,0.4,-2.3
2017021415315927,-1,0,0,-2.7,-10.6,-104.2,3.4,0.4,-2.3
2017021415315927,-1,0,0,-2.7,-10.6,-104.2,3.4,0.4,-2.3
2017021415315927,-1,0,0,-2.7,-10.6,-104.2,3.4,0.4,-2.3
2017021415315927,-1,0,0,-2.7,-10.6,-104.2,3.4,0.4,-2.3
2017021415320020,-1,0,0.1,-1.9,-9.9,-104.2,1.9,1,-3.8
2017021415320021,-1,0,0.1,-1.9,-9.9,-104.2,1.9,1,-3.8
2017021415320021,-1,0,0.1,-1.9,-9.9,-104.2,1.9,1,-3.8
2017021415320021,-1,0,0.1,-1.9,-9.9,-104.2,1.9,1,-3.8
2017021415320021,-1,0,0.1,-1.9,-9.9,-104.2,1.9,1,-3.8
2017021415320021,-1,0,0.1,-1.9,-9.9,-104.2,1.9,1,-3.8
2017021415320021,-1,0,0.1,-1.9,-9.9,-104.2,1.9,1,-3.8
2017021415320021,-1,0,0.1,-1.9,-9.9,-104.2,1.9,1,-3.8
2017021415320021,-1,0,0.1,-1.9,-9.9,-104.2,1.9,1,-3.8
2017021415320114,-1,0,0,-2.4,-10.2,-105.5,2.1,1.9,-3.5
2017021415320114,-1,0,0,-2.4,-10.2,-105.5,2.1,1.9,-3.5
2017021415320114,-1,0,0,-2.4,-10.2,-105.5,2.1,1.9,-3.5
2017021415320114,-1,0,0,-2.4,-10.2,-105.5,2.1,1.9,-3.5
2017021415320115,-1,0,0,-2.4,-10.2,-105.5,2.1,1.9,-3.5
2017021415320115,-1,0,0,-2.4,-10.2,-105.5,2.1,1.9,-3.5
2017021415320115,-1,0,0,-2.4,-10.2,-105.5,2.1,1.9,-3.5
2017021415320115,-1,0,0,-2.4,-10.2,-105.5,2.1,1.9,-3.5
2017021415320115,-1,0,0,-2.4,-10.2,-105.5,2.1,1.9,-3.5
2017021415320208,-1,0,0,-1.6,-9.9,-106.3,0.5,0.1,-2.6
2017021415320208,-1,0,0,-1.6,-9.9,-106.3,0.5,0.1,-2.6
2017021415320208,-1,0,0,-1.6,-9.9,-106.3,0.5,0.1,-2.6
2017021415320208,-1,0,0,-1.6,-9.9,-106.3,0.5,0.1,-2.6
2017021415320208,-1,0,0,-1.6,-9.9,-106.3,0.5,0.1,-2.6
2017021415320208,-1,0,0,-1.6,-9.9,-106.3,0.5,0.1,-2.6
2017021415320208,-1,0,0,-1.6,-9.9,-106.3,0.5,0.1,-2.6
2017021415320208,-1,0,0,-1.6,-9.9,-106.3,0.5,0.1,-2.6
2017021415320208,-1,0,0,-1.6,-9.9,-106.3,0.5,0.1,-2.6
2017021415320302,-1,0,0,-1.3,-9.4,-103.1,1.3,0.8,-4.2
2017021415320302,-1,0,0,-1.3,-9.4,-103.1,1.3,0.8,-4.2
2017021415320302,-1,0,0,-1.3,-9.4,-103.1,1.3,0.8,-4.2
2017021415320302,-1,0,0,-1.3,-9.4,-103.1,1.3,0.8,-4.2
2017021415320302,-1,0,0,-1.3,-9.4,-103.1,1.3,0.8,-4.2
2017021415320302,-1,0,0,-1.3,-9.4,-103.1,1.3,0.8,-4.2
2017021415320302,-1,0,0,-1.3,-9.4,-103.1,1.3,0.8,-4.2
2017021415320302,-1,0,0,-1.3,-9.4,-103.1,1.3,0.8,-4.2
2017021415320302,-1,0,0,-1.3,-9.4,-103.1,1.3,0.8,-4.2
20170214153203996,-1,0,0,-1.3,-10.2,-103.9,1.2,0.5,-4.9
20170214153203996,-1,0,0,-1.3,-10.2,-103.9,1.2,0.5,-4.9
20170214153203996,-1,0,0,-1.3,-10.2,-103.9,1.2,0.5,-4.9
20170214153203996,-1,0,0,-1.3,-10.2,-103.9,1.2,0.5,-4.9
20170214153203996,-1,0,0,-1.3,-10.2,-103.9,1.2,0.5,-4.9
20170214153203996,-1,0,0,-1.3,-10.2,-103.9,1.2,0.5,-4.9
20170214153203996,-1,0,0,-1.3,-10.2,-103.9,1.2,0.5,-4.9
20170214153203996,-1,0,0,-1.3,-10.2,-103.9,1.2,0.5,-4.9
20170214153203996,-1,0,0,-1.3,-10.2,-103.9,1.2,0.5,-4.9
20170214153204990,-1,0,0,-2.7,-9.4,-104.2,1,0.5,-2
20170214153204990,-1,0,0,-2.7,-9.4,-104.2,1,0.5,-2
20170214153204990,-1,0,0,-2.7,-9.4,-104.2,1,0.5,-2
20170214153204990,-1,0,0,-2.7,-9.4,-104.2,1,0.5,-2
20170214153204990,-1,0,0,-2.7,-9.4,-104.2,1,0.5,-2
20170214153204990,-1,0,0,-2.7,-9.4,-104.2,1,0.5,-2
20170214153204990,-1,0,0,-2.7,-9.4,-104.2,1,0.5,-2
20170214153204990,-1,0,0,-2.7,-9.4,-104.2,1,0.5,-2
20170214153204990,-1,0,0,-2.7,-9.4,-104.2,1,0.5,-2
20170214153205983,-0.3,0,-1,-2.4,-10.2,-104.9,3.5,1.1,-7.3
20170214153205983,-0.3,0,-1,-2.4,-10.2,-104.9,3.5,1.1,-7.3
20170214153205983,-0.3,0,-1,-2.4,-10.2,-104.9,3.5,1.1,-7.3
20170214153205983,-0.3,0,-1,-2.4,-10.2,-104.9,3.5,1.1,-7.3
20170214153205983,-0.3,0,-1,-2.4,-10.2,-104.9,3.5,1.1,-7.3
20170214153205983,-0.3,0,-1,-2.4,-10.2,-104.9,3.5,1.1,-7.3
20170214153205983,-0.3,0,-1,-2.4,-10.2,-104.9,3.5,1.1,-7.3
20170214153205983,-0.3,0,-1,-2.4,-10.2,-104.9,3.5,1.1,-7.3
20170214153205984,-0.3,0,-1,-2.4,-10.2,-104.9,3.5,1.1,-7.3
20170214153206977,0.1,0,-1,-1.6,-11.7,-104.2,24.4,-17.7,-6.1
20170214153206977,0.1,0,-1,-1.6,-11.7,-104.2,24.4,-17.7,-6.1
20170214153206977,0.1,0,-1,-1.6,-11.7,-104.2,24.4,-17.7,-6.1
20170214153206977,0.1,0,-1,-1.6,-11.7,-104.2,24.4,-17.7,-6.1
20170214153206977,0.1,0,-1,-1.6,-11.7,-104.2,24.4,-17.7,-6.1
20170214153206977,0.1,0,-1,-1.6,-11.7,-104.2,24.4,-17.7,-6.1
20170214153206977,0.1,0,-1,-1.6,-11.7,-104.2,24.4,-17.7,-6.1
20170214153206977,0.1,0,-1,-1.6,-11.7,-104.2,24.4,-17.7,-6.1
20170214153206977,0.1,0,-1,-1.6,-11.7,-104.2,24.4,-17.7,-6.1
20170214153207971,0,0.1,-0.9,-5.7,-25.6,-173.1,1.5,1.2,-4.2
20170214153207971,0,0.1,-0.9,-5.7,-25.6,-173.1,1.5,1.2,-4.2
20170214153207971,0,0.1,-0.9,-5.7,-25.6,-173.1,1.5,1.2,-4.2
20170214153207971,0,0.1,-0.9,-5.7,-25.6,-173.1,1.5,1.2,-4.2
20170214153207971,0,0.1,-0.9,-5.7,-25.6,-173.1,1.5,1.2,-4.2
20170214153207971,0,0.1,-0.9,-5.7,-25.6,-173.1,1.5,1.2,-4.2
20170214153207971,0,0.1,-0.9,-5.7,-25.6,-173.1,1.5,1.2,-4.2
20170214153207971,0,0.1,-0.9,-5.7,-25.6,-173.1,1.5,1.2,-4.2
20170214153207971,0,0.1,-0.9,-5.7,-25.6,-173.1,1.5,1.2,-4.2
20170214153208964,0,0,-1,-8.4,-38.7,-183.5,2.5,2.1,-4.4
20170214153208964,0,0,-1,-8.4,-38.7,-183.5,2.5,2.1,-4.4
20170214153208964,0,0,-1,-8.4,-38.7,-183.5,2.5,2.1,-4.4
20170214153208964,0,0,-1,-8.4,-38.7,-183.5,2.5,2.1,-4.4
20170214153208964,0,0,-1,-8.4,-38.7,-183.5,2.5,2.1,-4.4
20170214153208964,0,0,-1,-8.4,-38.7,-183.5,2.5,2.1,-4.4
20170214153208964,0,0,-1,-8.4,-38.7,-183.5,2.5,2.1,-4.4
20170214153208964,0,0,-1,-8.4,-38.7,-183.5,2.5,2.1,-4.4
20170214153208965,0,0,-1,-8.4,-38.7,-183.5,2.5,2.1,-4.4
20170214153209958,-0.5,0.1,-0.9,-5.8,-38.7,-182.1,1.3,0.1,-1.6
20170214153209958,-0.5,0.1,-0.9,-5.8,-38.7,-182.1,1.3,0.1,-1.6
20170214153209958,-0.5,0.1,-0.9,-5.8,-38.7,-182.1,1.3,0.1,-1.6
20170214153209958,-0.5,0.1,-0.9,-5.8,-38.7,-182.1,1.3,0.1,-1.6
20170214153209958,-0.5,0.1,-0.9,-5.8,-38.7,-182.1,1.3,0.1,-1.6
20170214153209958,-0.5,0.1,-0.9,-5.8,-38.7,-182.1,1.3,0.1,-1.6
20170214153209958,-0.5,0.1,-0.9,-5.8,-38.7,-182.1,1.3,0.1,-1.6
20170214153209958,-0.5,0.1,-0.9,-5.8,-38.7,-182.1,1.3,0.1,-1.6
20170214153209958,-0.5,0.1,-0.9,-5.8,-38.7,-182.1,1.3,0.1,-1.6
20170214153210952,-1,0,0.1,-7,-39.1,-182.1,-2.5,-256,-12.6
20170214153210952,-1,0,0.1,-7,-39.1,-182.1,-2.5,-256,-12.6
20170214153210952,-1,0,0.1,-7,-39.1,-182.1,-2.5,-256,-12.6
20170214153210952,-1,0,0.1,-7,-39.1,-182.1,-2.5,-256,-12.6
20170214153210952,-1,0,0.1,-7,-39.1,-182.1,-2.5,-256,-12.6
20170214153210952,-1,0,0.1,-7,-39.1,-182.1,-2.5,-256,-12.6
20170214153210952,-1,0,0.1,-7,-39.1,-182.1,-2.5,-256,-12.6
20170214153210952,-1,0,0.1,-7,-39.1,-182.1,-2.5,-256,-12.6
20170214153210952,-1,0,0.1,-7,-39.1,-182.1,-2.5,-256,-12.6
20170214153211945,-1,0.1,0,-3.1,-18.7,-159.2,2.2,-11.5,-3.5
20170214153211946,-1,0.1,0,-3.1,-18.7,-159.2,2.2,-11.5,-3.5
20170214153211946,-1,0.1,0,-3.1,-18.7,-159.2,2.2,-11.5,-3.5
20170214153211946,-1,0.1,0,-3.1,-18.7,-159.2,2.2,-11.5,-3.5
20170214153211946,-1,0.1,0,-3.1,-18.7,-159.2,2.2,-11.5,-3.5
20170214153211946,-1,0.1,0,-3.1,-18.7,-159.2,2.2,-11.5,-3.5
20170214153211946,-1,0.1,0,-3.1,-18.7,-159.2,2.2,-11.5,-3.5
20170214153211946,-1,0.1,0,-3.1,-18.7,-159.2,2.2,-11.5,-3.5
20170214153211946,-1,0.1,0,-3.1,-18.7,-159.2,2.2,-11.5,-3.5
20170214153212939,-1,0,0,2.4,-9.3,-98.5,1,1,-4.7
20170214153212939,-1,0,0,2.4,-9.3,-98.5,1,1,-4.7
20170214153212939,-1,0,0,2.4,-9.3,-98.5,1,1,-4.7
20170214153212939,-1,0,0,2.4,-9.3,-98.5,1,1,-4.7
20170214153212939,-1,0,0,2.4,-9.3,-98.5,1,1,-4.7
20170214153212939,-1,0,0,2.4,-9.3,-98.5,1,1,-4.7
20170214153212940,-1,0,0,2.4,-9.3,-98.5,1,1,-4.7
20170214153212940,-1,0,0,2.4,-9.3,-98.5,1,1,-4.7
20170214153212940,-1,0,0,2.4,-9.3,-98.5,1,1,-4.7
20170214153213933,-1,0,0.1,2.2,-10.2,-99.4,0.1,0.8,-3.5
20170214153213933,-1,0,0.1,2.2,-10.2,-99.4,0.1,0.8,-3.5
20170214153213933,-1,0,0.1,2.2,-10.2,-99.4,0.1,0.8,-3.5
20170214153213933,-1,0,0.1,2.2,-10.2,-99.4,0.1,0.8,-3.5
20170214153213933,-1,0,0.1,2.2,-10.2,-99.4,0.1,0.8,-3.5
20170214153213933,-1,0,0.1,2.2,-10.2,-99.4,0.1,0.8,-3.5
20170214153213934,-1,0,0.1,2.2,-10.2,-99.4,0.1,0.8,-3.5
20170214153213934,-1,0,0.1,2.2,-10.2,-99.4,0.1,0.8,-3.5
20170214153213934,-1,0,0.1,2.2,-10.2,-99.4,0.1,0.8,-3.5
20170214153214927,-0.9,0,0.1,2.2,-10.6,-98.8,0.7,0.9,-3.2
20170214153214927,-0.9,0,0.1,2.2,-10.6,-98.8,0.7,0.9,-3.2
20170214153214927,-0.9,0,0.1,2.2,-10.6,-98.8,0.7,0.9,-3.2
20170214153214927,-0.9,0,0.1,2.2,-10.6,-98.8,0.7,0.9,-3.2
20170214153214927,-0.9,0,0.1,2.2,-10.6,-98.8,0.7,0.9,-3.2
20170214153214927,-0.9,0,0.1,2.2,-10.6,-98.8,0.7,0.9,-3.2
20170214153214927,-0.9,0,0.1,2.2,-10.6,-98.8,0.7,0.9,-3.2
20170214153214928,-0.9,0,0.1,2.2,-10.6,-98.8,0.7,0.9,-3.2
20170214153214928,-0.9,0,0.1,2.2,-10.6,-98.8,0.7,0.9,-3.2
20170214153215920,-1,-0.1,0,3.6,-9.9,-98.3,-0.1,0.6,-3.7
20170214153215921,-1,-0.1,0,3.6,-9.9,-98.3,-0.1,0.6,-3.7
20170214153215921,-1,-0.1,0,3.6,-9.9,-98.3,-0.1,0.6,-3.7
20170214153215921,-1,-0.1,0,3.6,-9.9,-98.3,-0.1,0.6,-3.7
20170214153215921,-1,-0.1,0,3.6,-9.9,-98.3,-0.1,0.6,-3.7
20170214153215921,-1,-0.1,0,3.6,-9.9,-98.3,-0.1,0.6,-3.7
20170214153215921,-1,-0.1,0,3.6,-9.9,-98.3,-0.1,0.6,-3.7
20170214153215921,-1,-0.1,0,3.6,-9.9,-98.3,-0.1,0.6,-3.7
20170214153215921,-1,-0.1,0,3.6,-9.9,-98.3,-0.1,0.6,-3.7
20170214153216914,-0.4,0,-0.9,2.7,-11.1,-100.3,3.3,0.4,-5.5
20170214153216914,-0.4,0,-0.9,2.7,-11.1,-100.3,3.3,0.4,-5.5
20170214153216914,-0.4,0,-0.9,2.7,-11.1,-100.3,3.3,0.4,-5.5
20170214153216914,-0.4,0,-0.9,2.7,-11.1,-100.3,3.3,0.4,-5.5
20170214153216914,-0.4,0,-0.9,2.7,-11.1,-100.3,3.3,0.4,-5.5
20170214153216915,-0.4,0,-0.9,2.7,-11.1,-100.3,3.3,0.4,-5.5
20170214153216915,-0.4,0,-0.9,2.7,-11.1,-100.3,3.3,0.4,-5.5
20170214153216915,-0.4,0,-0.9,2.7,-11.1,-100.3,3.3,0.4,-5.5
20170214153216915,-0.4,0,-0.9,2.7,-11.1,-100.3,3.3,0.4,-5.5
20170214153217908,0.1,0,-1.1,3.3,-11.7,-98,-9.8,256,-31.9
20170214153217908,0.1,0,-1.1,3.3,-11.7,-98,-9.8,256,-31.9
20170214153217908,0.1,0,-1.1,3.3,-11.7,-98,-9.8,256,-31.9
20170214153217908,0.1,0,-1.1,3.3,-11.7,-98,-9.8,256,-31.9
20170214153217908,0.1,0,-1.1,3.3,-11.7,-98,-9.8,256,-31.9
20170214153217908,0.1,0,-1.1,3.3,-11.7,-98,-9.8,256,-31.9
20170214153217908,0.1,0,-1.1,3.3,-11.7,-98,-9.8,256,-31.9
20170214153217909,0.1,0,-1.1,3.3,-11.7,-98,-9.8,256,-31.9
20170214153217909,0.1,0,-1.1,3.3,-11.7,-98,-9.8,256,-31.9
20170214153218902,0,0,-0.9,-2.8,-25.6,-168,-0.3,0.8,-4.6
20170214153218902,0,0,-0.9,-2.8,-25.6,-168,-0.3,0.8,-4.6
20170214153218902,0,0,-0.9,-2.8,-25.6,-168,-0.3,0.8,-4.6
20170214153218902,0,0,-0.9,-2.8,-25.6,-168,-0.3,0.8,-4.6
20170214153218902,0,0,-0.9,-2.8,-25.6,-168,-0.3,0.8,-4.6
20170214153218902,0,0,-0.9,-2.8,-25.6,-168,-0.3,0.8,-4.6
20170214153218902,0,0,-0.9,-2.8,-25.6,-168,-0.3,0.8,-4.6
20170214153218902,0,0,-0.9,-2.8,-25.6,-168,-0.3,0.8,-4.6
20170214153218902,0,0,-0.9,-2.8,-25.6,-168,-0.3,0.8,-4.6
20170214153219895,0.1,0,-1,-3.4,-37.9,-179.4,1.3,0,-4.1
20170214153219896,0.1,0,-1,-3.4,-37.9,-179.4,1.3,0,-4.1
20170214153219896,0.1,0,-1,-3.4,-37.9,-179.4,1.3,0,-4.1
20170214153219896,0.1,0,-1,-3.4,-37.9,-179.4,1.3,0,-4.1
20170214153219896,0.1,0,-1,-3.4,-37.9,-179.4,1.3,0,-4.1
20170214153219896,0.1,0,-1,-3.4,-37.9,-179.4,1.3,0,-4.1
20170214153219896,0.1,0,-1,-3.4,-37.9,-179.4,1.3,0,-4.1
20170214153219904,0.1,0,-1,-3.4,-37.9,-179.4,1.3,0,-4.1
20170214153219904,0.1,0,-1,-3.4,-37.9,-179.4,1.3,0,-4.1
2017021415322188,-0.7,-0.1,-0.5,-4.3,-36.7,-180.6,2.6,0.3,-3
2017021415322188,-0.7,-0.1,-0.5,-4.3,-36.7,-180.6,2.6,0.3,-3
2017021415322188,-0.7,-0.1,-0.5,-4.3,-36.7,-180.6,2.6,0.3,-3
2017021415322188,-0.7,-0.1,-0.5,-4.3,-36.7,-180.6,2.6,0.3,-3
2017021415322188,-0.7,-0.1,-0.5,-4.3,-36.7,-180.6,2.6,0.3,-3
2017021415322188,-0.7,-0.1,-0.5,-4.3,-36.7,-180.6,2.6,0.3,-3
2017021415322188,-0.7,-0.1,-0.5,-4.3,-36.7,-180.6,2.6,0.3,-3
2017021415322188,-0.7,-0.1,-0.5,-4.3,-36.7,-180.6,2.6,0.3,-3
2017021415322188,-0.7,-0.1,-0.5,-4.3,-36.7,-180.6,2.6,0.3,-3
2017021415322282,-1,0,0.1,-4.6,-39.3,-180.6,-6.1,-154.2,-9.4
2017021415322282,-1,0,0.1,-4.6,-39.3,-180.6,-6.1,-154.2,-9.4
2017021415322282,-1,0,0.1,-4.6,-39.3,-180.6,-6.1,-154.2,-9.4
2017021415322282,-1,0,0.1,-4.6,-39.3,-180.6,-6.1,-154.2,-9.4
2017021415322282,-1,0,0.1,-4.6,-39.3,-180.6,-6.1,-154.2,-9.4
2017021415322282,-1,0,0.1,-4.6,-39.3,-180.6,-6.1,-154.2,-9.4
2017021415322282,-1,0,0.1,-4.6,-39.3,-180.6,-6.1,-154.2,-9.4
2017021415322282,-1,0,0.1,-4.6,-39.3,-180.6,-6.1,-154.2,-9.4
2017021415322282,-1,0,0.1,-4.6,-39.3,-180.6,-6.1,-154.2,-9.4
2017021415322375,-1,0,0,2.5,-12.7,-137.8,2.1,6.8,-5.1
2017021415322376,-1,0,0,2.5,-12.7,-137.8,2.1,6.8,-5.1
2017021415322376,-1,0,0,2.5,-12.7,-137.8,2.1,6.8,-5.1
2017021415322376,-1,0,0,2.5,-12.7,-137.8,2.1,6.8,-5.1
2017021415322376,-1,0,0,2.5,-12.7,-137.8,2.1,6.8,-5.1
2017021415322376,-1,0,0,2.5,-12.7,-137.8,2.1,6.8,-5.1
2017021415322376,-1,0,0,2.5,-12.7,-137.8,2.1,6.8,-5.1
2017021415322376,-1,0,0,2.5,-12.7,-137.8,2.1,6.8,-5.1
2017021415322376,-1,0,0,2.5,-12.7,-137.8,2.1,6.8,-5.1
2017021415322470,-1,0,0,5.2,-10,-96.8,1.2,2.1,-4.3
2017021415322470,-1,0,0,5.2,-10,-96.8,1.2,2.1,-4.3
2017021415322470,-1,0,0,5.2,-10,-96.8,1.2,2.1,-4.3
2017021415322470,-1,0,0,5.2,-10,-96.8,1.2,2.1,-4.3
2017021415322471,-1,0,0,5.2,-10,-96.8,1.2,2.1,-4.3
2017021415322471,-1,0,0,5.2,-10,-96.8,1.2,2.1,-4.3
2017021415322471,-1,0,0,5.2,-10,-96.8,1.2,2.1,-4.3
2017021415322471,-1,0,0,5.2,-10,-96.8,1.2,2.1,-4.3
2017021415322471,-1,0,0,5.2,-10,-96.8,1.2,2.1,-4.3
2017021415322563,0,-1,-0.1,7,-11.8,-95.5,0.8,-10.4,-4.6
2017021415322563,0,-1,-0.1,7,-11.8,-95.5,0.8,-10.4,-4.6
2017021415322563,0,-1,-0.1,7,-11.8,-95.5,0.8,-10.4,-4.6
2017021415322564,0,-1,-0.1,7,-11.8,-95.5,0.8,-10.4,-4.6
2017021415322564,0,-1,-0.1,7,-11.8,-95.5,0.8,-10.4,-4.6
2017021415322564,0,-1,-0.1,7,-11.8,-95.5,0.8,-10.4,-4.6
2017021415322565,0,-1,-0.1,7,-11.8,-95.5,0.8,-10.4,-4.6
2017021415322565,0,-1,-0.1,7,-11.8,-95.5,0.8,-10.4,-4.6
2017021415322565,0,-1,-0.1,7,-11.8,-95.5,0.8,-10.4,-4.6
2017021415322657,0,-1,0,6.6,-10.8,-96.2,-15.9,0.9,2.3
2017021415322657,0,-1,0,6.6,-10.8,-96.2,-15.9,0.9,2.3
2017021415322657,0,-1,0,6.6,-10.8,-96.2,-15.9,0.9,2.3
2017021415322657,0,-1,0,6.6,-10.8,-96.2,-15.9,0.9,2.3
2017021415322657,0,-1,0,6.6,-10.8,-96.2,-15.9,0.9,2.3
2017021415322657,0,-1,0,6.6,-10.8,-96.2,-15.9,0.9,2.3
2017021415322657,0,-1,0,6.6,-10.8,-96.2,-15.9,0.9,2.3
2017021415322657,0,-1,0,6.6,-10.8,-96.2,-15.9,0.9,2.3
2017021415322657,0,-1,0,6.6,-10.8,-96.2,-15.9,0.9,2.3
2017021415322750,0.1,-1,0.1,58.5,-40.2,-63.6,2.6,0.3,-2.7
2017021415322750,0.1,-1,0.1,58.5,-40.2,-63.6,2.6,0.3,-2.7
2017021415322750,0.1,-1,0.1,58.5,-40.2,-63.6,2.6,0.3,-2.7
2017021415322750,0.1,-1,0.1,58.5,-40.2,-63.6,2.6,0.3,-2.7
2017021415322750,0.1,-1,0.1,58.5,-40.2,-63.6,2.6,0.3,-2.7
2017021415322751,0.1,-1,0.1,58.5,-40.2,-63.6,2.6,0.3,-2.7
2017021415322751,0.1,-1,0.1,58.5,-40.2,-63.6,2.6,0.3,-2.7
2017021415322751,0.1,-1,0.1,58.5,-40.2,-63.6,2.6,0.3,-2.7
2017021415322751,0.1,-1,0.1,58.5,-40.2,-63.6,2.6,0.3,-2.7
2017021415322844,0.1,-1,0.1,58.8,-41.5,-61.5,2,-0.3,-4.8
2017021415322844,0.1,-1,0.1,58.8,-41.5,-61.5,2,-0.3,-4.8
2017021415322844,0.1,-1,0.1,58.8,-41.5,-61.5,2,-0.3,-4.8
2017021415322844,0.1,-1,0.1,58.8,-41.5,-61.5,2,-0.3,-4.8
2017021415322845,0.1,-1,0.1,58.8,-41.5,-61.5,2,-0.3,-4.8
2017021415322845,0.1,-1,0.1,58.8,-41.5,-61.5,2,-0.3,-4.8
2017021415322845,0.1,-1,0.1,58.8,-41.5,-61.5,2,-0.3,-4.8
2017021415322845,0.1,-1,0.1,58.8,-41.5,-61.5,2,-0.3,-4.8
2017021415322845,0.1,-1,0.1,58.8,-41.5,-61.5,2,-0.3,-4.8
2017021415322938,0.1,-0.9,0,59.4,-42.1,-62.7,1,0.7,-4
2017021415322938,0.1,-0.9,0,59.4,-42.1,-62.7,1,0.7,-4
2017021415322938,0.1,-0.9,0,59.4,-42.1,-62.7,1,0.7,-4
2017021415322938,0.1,-0.9,0,59.4,-42.1,-62.7,1,0.7,-4
2017021415322938,0.1,-0.9,0,59.4,-42.1,-62.7,1,0.7,-4
2017021415322938,0.1,-0.9,0,59.4,-42.1,-62.7,1,0.7,-4
2017021415322938,0.1,-0.9,0,59.4,-42.1,-62.7,1,0.7,-4
2017021415322939,0.1,-0.9,0,59.4,-42.1,-62.7,1,0.7,-4
2017021415322939,0.1,-0.9,0,59.4,-42.1,-62.7,1,0.7,-4
2017021415323032,-1,0,-0.1,59.2,-40.5,-64.2,1.8,1.4,-4.7
2017021415323032,-1,0,-0.1,59.2,-40.5,-64.2,1.8,1.4,-4.7
2017021415323032,-1,0,-0.1,59.2,-40.5,-64.2,1.8,1.4,-4.7
2017021415323032,-1,0,-0.1,59.2,-40.5,-64.2,1.8,1.4,-4.7
2017021415323032,-1,0,-0.1,59.2,-40.5,-64.2,1.8,1.4,-4.7
2017021415323032,-1,0,-0.1,59.2,-40.5,-64.2,1.8,1.4,-4.7
2017021415323032,-1,0,-0.1,59.2,-40.5,-64.2,1.8,1.4,-4.7
2017021415323033,-1,0,-0.1,59.2,-40.5,-64.2,1.8,1.4,-4.7
2017021415323033,-1,0,-0.1,59.2,-40.5,-64.2,1.8,1.4,-4.7
2017021415323126,-0.9,0,0.1,59.7,-41.7,-63.7,1.7,31.7,-2.1
2017021415323126,-0.9,0,0.1,59.7,-41.7,-63.7,1.7,31.7,-2.1
2017021415323126,-0.9,0,0.1,59.7,-41.7,-63.7,1.7,31.7,-2.1
2017021415323126,-0.9,0,0.1,59.7,-41.7,-63.7,1.7,31.7,-2.1
2017021415323126,-0.9,0,0.1,59.7,-41.7,-63.7,1.7,31.7,-2.1
2017021415323126,-0.9,0,0.1,59.7,-41.7,-63.7,1.7,31.7,-2.1
2017021415323126,-0.9,0,0.1,59.7,-41.7,-63.7,1.7,31.7,-2.1
2017021415323126,-0.9,0,0.1,59.7,-41.7,-63.7,1.7,31.7,-2.1
2017021415323126,-0.9,0,0.1,59.7,-41.7,-63.7,1.7,31.7,-2.1
2017021415323219,-1,0,0,5.4,-10.6,-98,3.1,-4,-3.1
2017021415323219,-1,0,0,5.4,-10.6,-98,3.1,-4,-3.1
2017021415323219,-1,0,0,5.4,-10.6,-98,3.1,-4,-3.1
2017021415323219,-1,0,0,5.4,-10.6,-98,3.1,-4,-3.1
2017021415323219,-1,0,0,5.4,-10.6,-98,3.1,-4,-3.1
2017021415323219,-1,0,0,5.4,-10.6,-98,3.1,-4,-3.1
2017021415323219,-1,0,0,5.4,-10.6,-98,3.1,-4,-3.1
2017021415323219,-1,0,0,5.4,-10.6,-98,3.1,-4,-3.1
2017021415323219,-1,0,0,5.4,-10.6,-98,3.1,-4,-3.1
2017021415323313,-1,0,0,6,-11.1,-95.8,1.2,0.4,-3
2017021415323313,-1,0,0,6,-11.1,-95.8,1.2,0.4,-3
2017021415323313,-1,0,0,6,-11.1,-95.8,1.2,0.4,-3
2017021415323313,-1,0,0,6,-11.1,-95.8,1.2,0.4,-3
2017021415323313,-1,0,0,6,-11.1,-95.8,1.2,0.4,-3
2017021415323313,-1,0,0,6,-11.1,-95.8,1.2,0.4,-3
2017021415323313,-1,0,0,6,-11.1,-95.8,1.2,0.4,-3
2017021415323313,-1,0,0,6,-11.1,-95.8,1.2,0.4,-3
2017021415323313,-1,0,0,6,-11.1,-95.8,1.2,0.4,-3
2017021415323407,0,0,1,6.3,-9.3,-97.6,1.3,0.8,-4.4
2017021415323407,0,0,1,6.3,-9.3,-97.6,1.3,0.8,-4.4
2017021415323407,0,0,1,6.3,-9.3,-97.6,1.3,0.8,-4.4
2017021415323407,0,0,1,6.3,-9.3,-97.6,1.3,0.8,-4.4
2017021415323407,0,0,1,6.3,-9.3,-97.6,1.3,0.8,-4.4
2017021415323407,0,0,1,6.3,-9.3,-97.6,1.3,0.8,-4.4
2017021415323407,0,0,1,6.3,-9.3,-97.6,1.3,0.8,-4.4
2017021415323407,0,0,1,6.3,-9.3,-97.6,1.3,0.8,-4.4
2017021415323407,0,0,1,6.3,-9.3,-97.6,1.3,0.8,-4.4
2017021415323500,0,0,1,5.1,-10.9,-97,1.1,1.7,-4.5
2017021415323501,0,0,1,5.1,-10.9,-97,1.1,1.7,-4.5
2017021415323501,0,0,1,5.1,-10.9,-97,1.1,1.7,-4.5
2017021415323501,0,0,1,5.1,-10.9,-97,1.1,1.7,-4.5
2017021415323501,0,0,1,5.1,-10.9,-97,1.1,1.7,-4.5
2017021415323501,0,0,1,5.1,-10.9,-97,1.1,1.7,-4.5
2017021415323501,0,0,1,5.1,-10.9,-97,1.1,1.7,-4.5
2017021415323501,0,0,1,5.1,-10.9,-97,1.1,1.7,-4.5
2017021415323501,0,0,1,5.1,-10.9,-97,1.1,1.7,-4.5
20170214153235994,0,-0.1,1.1,4.5,-55.9,-54.1,0.8,0.3,-4.6
20170214153235994,0,-0.1,1.1,4.5,-55.9,-54.1,0.8,0.3,-4.6
20170214153235994,0,-0.1,1.1,4.5,-55.9,-54.1,0.8,0.3,-4.6
20170214153235994,0,-0.1,1.1,4.5,-55.9,-54.1,0.8,0.3,-4.6
20170214153235994,0,-0.1,1.1,4.5,-55.9,-54.1,0.8,0.3,-4.6
20170214153235994,0,-0.1,1.1,4.5,-55.9,-54.1,0.8,0.3,-4.6
20170214153235994,0,-0.1,1.1,4.5,-55.9,-54.1,0.8,0.3,-4.6
20170214153235994,0,-0.1,1.1,4.5,-55.9,-54.1,0.8,0.3,-4.6
20170214153235994,0,-0.1,1.1,4.5,-55.9,-54.1,0.8,0.3,-4.6
20170214153236988,0,0,1.1,4.6,-55,-54,0.5,1.2,-5.3
20170214153236988,0,0,1.1,4.6,-55,-54,0.5,1.2,-5.3
20170214153236988,0,0,1.1,4.6,-55,-54,0.5,1.2,-5.3
20170214153236988,0,0,1.1,4.6,-55,-54,0.5,1.2,-5.3
20170214153236988,0,0,1.1,4.6,-55,-54,0.5,1.2,-5.3
20170214153236988,0,0,1.1,4.6,-55,-54,0.5,1.2,-5.3
20170214153236988,0,0,1.1,4.6,-55,-54,0.5,1.2,-5.3
20170214153236988,0,0,1.1,4.6,-55,-54,0.5,1.2,-5.3
20170214153236988,0,0,1.1,4.6,-55,-54,0.5,1.2,-5.3
20170214153237982,0.5,1.1,0.1,6.3,-54.9,-53.1,1.1,-0.8,-2.3
20170214153237982,0.5,1.1,0.1,6.3,-54.9,-53.1,1.1,-0.8,-2.3
20170214153237982,0.5,1.1,0.1,6.3,-54.9,-53.1,1.1,-0.8,-2.3
20170214153237982,0.5,1.1,0.1,6.3,-54.9,-53.1,1.1,-0.8,-2.3
20170214153237982,0.5,1.1,0.1,6.3,-54.9,-53.1,1.1,-0.8,-2.3
20170214153237982,0.5,1.1,0.1,6.3,-54.9,-53.1,1.1,-0.8,-2.3
20170214153237982,0.5,1.1,0.1,6.3,-54.9,-53.1,1.1,-0.8,-2.3
20170214153237982,0.5,1.1,0.1,6.3,-54.9,-53.1,1.1,-0.8,-2.3
20170214153237982,0.5,1.1,0.1,6.3,-54.9,-53.1,1.1,-0.8,-2.3
20170214153238975,0.1,0.4,1,5.1,-53.7,-56.4,256,-256,256
20170214153238976,0.1,0.4,1,5.1,-53.7,-56.4,256,-256,256
20170214153238976,0.1,0.4,1,5.1,-53.7,-56.4,256,-256,256
20170214153238976,0.1,0.4,1,5.1,-53.7,-56.4,256,-256,256
20170214153238976,0.1,0.4,1,5.1,-53.7,-56.4,256,-256,256
20170214153238976,0.1,0.4,1,5.1,-53.7,-56.4,256,-256,256
20170214153238976,0.1,0.4,1,5.1,-53.7,-56.4,256,-256,256
20170214153238976,0.1,0.4,1,5.1,-53.7,-56.4,256,-256,256
20170214153238976,0.1,0.4,1,5.1,-53.7,-56.4,256,-256,256
20170214153239969,0.6,0,0.9,9.1,-35.7,-53.1,205.7,86.2,-159.8
20170214153239969,0.6,0,0.9,9.1,-35.7,-53.1,205.7,86.2,-159.8
20170214153239969,0.6,0,0.9,9.1,-35.7,-53.1,205.7,86.2,-159.8
20170214153239969,0.6,0,0.9,9.1,-35.7,-53.1,205.7,86.2,-159.8
20170214153239969,0.6,0,0.9,9.1,-35.7,-53.1,205.7,86.2,-159.8
20170214153239969,0.6,0,0.9,9.1,-35.7,-53.1,205.7,86.2,-159.8
20170214153239970,0.6,0,0.9,9.1,-35.7,-53.1,205.7,86.2,-159.8
20170214153239970,0.6,0,0.9,9.1,-35.7,-53.1,205.7,86.2,-159.8
20170214153239970,0.6,0,0.9,9.1,-35.7,-53.1,205.7,86.2,-159.8
20170214153240963,2.1,0.8,-2,-3.6,-34.2,-63.4,105.6,-256,115.8
20170214153240963,2.1,0.8,-2,-3.6,-34.2,-63.4,105.6,-256,115.8
20170214153240963,2.1,0.8,-2,-3.6,-34.2,-63.4,105.6,-256,115.8
20170214153240963,2.1,0.8,-2,-3.6,-34.2,-63.4,105.6,-256,115.8
20170214153240963,2.1,0.8,-2,-3.6,-34.2,-63.4,105.6,-256,115.8
20170214153240963,2.1,0.8,-2,-3.6,-34.2,-63.4,105.6,-256,115.8
20170214153240963,2.1,0.8,-2,-3.6,-34.2,-63.4,105.6,-256,115.8
20170214153240963,2.1,0.8,-2,-3.6,-34.2,-63.4,105.6,-256,115.8
20170214153240963,2.1,0.8,-2,-3.6,-34.2,-63.4,105.6,-256,115.8
20170214153241957,2.1,-0.9,-2.8,20.8,-49.6,-45.3,-256,256,-256
20170214153241957,2.1,-0.9,-2.8,20.8,-49.6,-45.3,-256,256,-256
20170214153241957,2.1,-0.9,-2.8,20.8,-49.6,-45.3,-256,256,-256
20170214153241957,2.1,-0.9,-2.8,20.8,-49.6,-45.3,-256,256,-256
20170214153241957,2.1,-0.9,-2.8,20.8,-49.6,-45.3,-256,256,-256
20170214153241957,2.1,-0.9,-2.8,20.8,-49.6,-45.3,-256,256,-256
20170214153241957,2.1,-0.9,-2.8,20.8,-49.6,-45.3,-256,256,-256
20170214153241957,2.1,-0.9,-2.8,20.8,-49.6,-45.3,-256,256,-256
20170214153241957,2.1,-0.9,-2.8,20.8,-49.6,-45.3,-256,256,-256
20170214153242950,0.2,2.8,-0.8,-19.6,-66.1,-86,-256,-118.9,138.6
20170214153242950,0.2,2.8,-0.8,-19.6,-66.1,-86,-256,-118.9,138.6
20170214153242950,0.2,2.8,-0.8,-19.6,-66.1,-86,-256,-118.9,138.6
20170214153242951,0.2,2.8,-0.8,-19.6,-66.1,-86,-256,-118.9,138.6
20170214153242951,0.2,2.8,-0.8,-19.6,-66.1,-86,-256,-118.9,138.6
20170214153242951,0.2,2.8,-0.8,-19.6,-66.1,-86,-256,-118.9,138.6
20170214153242951,0.2,2.8,-0.8,-19.6,-66.1,-86,-256,-118.9,138.6
20170214153242951,0.2,2.8,-0.8,-19.6,-66.1,-86,-256,-118.9,138.6
20170214153242951,0.2,2.8,-0.8,-19.6,-66.1,-86,-256,-118.9,138.6
20170214153243944,1.6,-1.5,1.7,-12.6,-72.9,-110,256,256,256
20170214153243944,1.6,-1.5,1.7,-12.6,-72.9,-110,256,256,256
20170214153243944,1.6,-1.5,1.7,-12.6,-72.9,-110,256,256,256
20170214153243944,1.6,-1.5,1.7,-12.6,-72.9,-110,256,256,256
20170214153243944,1.6,-1.5,1.7,-12.6,-72.9,-110,256,256,256
20170214153243944,1.6,-1.5,1.7,-12.6,-72.9,-110,256,256,256
20170214153243944,1.6,-1.5,1.7,-12.6,-72.9,-110,256,256,256
20170214153243944,1.6,-1.5,1.7,-12.6,-72.9,-110,256,256,256
20170214153243944,1.6,-1.5,1.7,-12.6,-72.9,-110,256,256,256
20170214153244938,-0.9,-0.1,-0.5,-37.3,-37.6,-104.9,234.9,-209.9,-256
20170214153244938,-0.9,-0.1,-0.5,-37.3,-37.6,-104.9,234.9,-209.9,-256
20170214153244938,-0.9,-0.1,-0.5,-37.3,-37.6,-104.9,234.9,-209.9,-256
20170214153244938,-0.9,-0.1,-0.5,-37.3,-37.6,-104.9,234.9,-209.9,-256
20170214153244938,-0.9,-0.1,-0.5,-37.3,-37.6,-104.9,234.9,-209.9,-256
20170214153244938,-0.9,-0.1,-0.5,-37.3,-37.6,-104.9,234.9,-209.9,-256
20170214153244938,-0.9,-0.1,-0.5,-37.3,-37.6,-104.9,234.9,-209.9,-256
20170214153244938,-0.9,-0.1,-0.5,-37.3,-37.6,-104.9,234.9,-209.9,-256
20170214153244938,-0.9,-0.1,-0.5,-37.3,-37.6,-104.9,234.9,-209.9,-256
20170214153245932,-0.8,0.3,0.2,-1.6,-29.1,-68.4,256,-241.1,129
20170214153245932,-0.8,0.3,0.2,-1.6,-29.1,-68.4,256,-241.1,129
20170214153245932,-0.8,0.3,0.2,-1.6,-29.1,-68.4,256,-241.1,129
20170214153245932,-0.8,0.3,0.2,-1.6,-29.1,-68.4,256,-241.1,129
20170214153245932,-0.8,0.3,0.2,-1.6,-29.1,-68.4,256,-241.1,129
20170214153245932,-0.8,0.3,0.2,-1.6,-29.1,-68.4,256,-241.1,129
20170214153245932,-0.8,0.3,0.2,-1.6,-29.1,-68.4,256,-241.1,129
20170214153245932,-0.8,0.3,0.2,-1.6,-29.1,-68.4,256,-241.1,129
20170214153245932,-0.8,0.3,0.2,-1.6,-29.1,-68.4,256,-241.1,129
20170214153246925,-1,0,0,9,-18,-136.7,43.3,-116.8,32.1
20170214153246925,-1,0,0,9,-18,-136.7,43.3,-116.8,32.1
20170214153246926,-1,0,0,9,-18,-136.7,43.3,-116.8,32.1
20170214153246926,-1,0,0,9,-18,-136.7,43.3,-116.8,32.1
20170214153246926,-1,0,0,9,-18,-136.7,43.3,-116.8,32.1
20170214153246926,-1,0,0,9,-18,-136.7,43.3,-116.8,32.1
20170214153246926,-1,0,0,9,-18,-136.7,43.3,-116.8,32.1
20170214153246926,-1,0,0,9,-18,-136.7,43.3,-116.8,32.1
20170214153246926,-1,0,0,9,-18,-136.7,43.3,-116.8,32.1
20170214153247919,-1,0,0,7,-13.2,-91,1.8,1.4,-2.9
20170214153247919,-1,0,0,7,-13.2,-91,1.8,1.4,-2.9
20170214153247919,-1,0,0,7,-13.2,-91,1.8,1.4,-2.9
20170214153247919,-1,0,0,7,-13.2,-91,1.8,1.4,-2.9
20170214153247919,-1,0,0,7,-13.2,-91,1.8,1.4,-2.9
20170214153247919,-1,0,0,7,-13.2,-91,1.8,1.4,-2.9
20170214153247919,-1,0,0,7,-13.2,-91,1.8,1.4,-2.9
20170214153247919,-1,0,0,7,-13.2,-91,1.8,1.4,-2.9
20170214153247919,-1,0,0,7,-13.2,-91,1.8,1.4,-2.9
20170214153248913,-0.9,0,0.1,7.5,-12.3,-123.4,1.5,1.7,-2.8
20170214153248913,-0.9,0,0.1,7.5,-12.3,-123.4,1.5,1.7,-2.8
20170214153248913,-0.9,0,0.1,7.5,-12.3,-123.4,1.5,1.7,-2.8
20170214153248913,-0.9,0,0.1,7.5,-12.3,-123.4,1.5,1.7,-2.8
20170214153248913,-0.9,0,0.1,7.5,-12.3,-123.4,1.5,1.7,-2.8
20170214153248913,-0.9,0,0.1,7.5,-12.3,-123.4,1.5,1.7,-2.8
20170214153248913,-0.9,0,0.1,7.5,-12.3,-123.4,1.5,1.7,-2.8
20170214153248913,-0.9,0,0.1,7.5,-12.3,-123.4,1.5,1.7,-2.8
20170214153248913,-0.9,0,0.1,7.5,-12.3,-123.4,1.5,1.7,-2.8
20170214153249907,-1,0,0,9.6,-12,-123.4,0.5,-0.2,-4.4
20170214153249907,-1,0,0,9.6,-12,-123.4,0.5,-0.2,-4.4
20170214153249907,-1,0,0,9.6,-12,-123.4,0.5,-0.2,-4.4
20170214153249907,-1,0,0,9.6,-12,-123.4,0.5,-0.2,-4.4
20170214153249907,-1,0,0,9.6,-12,-123.4,0.5,-0.2,-4.4
20170214153249907,-1,0,0,9.6,-12,-123.4,0.5,-0.2,-4.4
20170214153249907,-1,0,0,9.6,-12,-123.4,0.5,-0.2,-4.4
20170214153249907,-1,0,0,9.6,-12,-123.4,0.5,-0.2,-4.4
20170214153249907,-1,0,0,9.6,-12,-123.4,0.5,-0.2,-4.4
20170214153250900,-1,0.1,0.1,7.6,-12.9,-123.8,1.5,1.1,-3.8
20170214153250900,-1,0.1,0.1,7.6,-12.9,-123.8,1.5,1.1,-3.8
20170214153250900,-1,0.1,0.1,7.6,-12.9,-123.8,1.5,1.1,-3.8
20170214153250900,-1,0.1,0.1,7.6,-12.9,-123.8,1.5,1.1,-3.8
20170214153250900,-1,0.1,0.1,7.6,-12.9,-123.8,1.5,1.1,-3.8
20170214153250900,-1,0.1,0.1,7.6,-12.9,-123.8,1.5,1.1,-3.8
20170214153250901,-1,0.1,0.1,7.6,-12.9,-123.8,1.5,1.1,-3.8
20170214153250901,-1,0.1,0.1,7.6,-12.9,-123.8,1.5,1.1,-3.8
20170214153250901,-1,0.1,0.1,7.6,-12.9,-123.8,1.5,1.1,-3.8
2017021415325293,-0.9,0,0,8.1,-12.1,-124.9,1.8,1.8,-3.7
2017021415325293,-0.9,0,0,8.1,-12.1,-124.9,1.8,1.8,-3.7
2017021415325293,-0.9,0,0,8.1,-12.1,-124.9,1.8,1.8,-3.7
2017021415325293,-0.9,0,0,8.1,-12.1,-124.9,1.8,1.8,-3.7
2017021415325293,-0.9,0,0,8.1,-12.1,-124.9,1.8,1.8,-3.7
2017021415325293,-0.9,0,0,8.1,-12.1,-124.9,1.8,1.8,-3.7
2017021415325293,-0.9,0,0,8.1,-12.1,-124.9,1.8,1.8,-3.7
2017021415325293,-0.9,0,0,8.1,-12.1,-124.9,1.8,1.8,-3.7
2017021415325293,-0.9,0,0,8.1,-12.1,-124.9,1.8,1.8,-3.7
2017021415325387,-1,0,0.1,7.6,-12.6,-125.2,0.9,0.6,-4.5
2017021415325387,-1,0,0.1,7.6,-12.6,-125.2,0.9,0.6,-4.5
2017021415325387,-1,0,0.1,7.6,-12.6,-125.2,0.9,0.6,-4.5
2017021415325387,-1,0,0.1,7.6,-12.6,-125.2,0.9,0.6,-4.5
2017021415325387,-1,0,0.1,7.6,-12.6,-125.2,0.9,0.6,-4.5
2017021415325387,-1,0,0.1,7.6,-12.6,-125.2,0.9,0.6,-4.5
2017021415325387,-1,0,0.1,7.6,-12.6,-125.2,0.9,0.6,-4.5
2017021415325387,-1,0,0.1,7.6,-12.6,-125.2,0.9,0.6,-4.5
2017021415325387,-1,0,0.1,7.6,-12.6,-125.2,0.9,0.6,-4.5
2017021415325480,-0.9,0,0.1,8.4,-12.9,-124.6,1.2,2.2,-4.7
2017021415325480,-0.9,0,0.1,8.4,-12.9,-124.6,1.2,2.2,-4.7
2017021415325480,-0.9,0,0.1,8.4,-12.9,-124.6,1.2,2.2,-4.7
2017021415325480,-0.9,0,0.1,8.4,-12.9,-124.6,1.2,2.2,-4.7
2017021415325480,-0.9,0,0.1,8.4,-12.9,-124.6,1.2,2.2,-4.7
2017021415325480,-0.9,0,0.1,8.4,-12.9,-124.6,1.2,2.2,-4.7
2017021415325480,-0.9,0,0.1,8.4,-12.9,-124.6,1.2,2.2,-4.7
2017021415325480,-0.9,0,0.1,8.4,-12.9,-124.6,1.2,2.2,-4.7
2017021415325480,-0.9,0,0.1,8.4,-12.9,-124.6,1.2,2.2,-4.7
2017021415325574,-1,0.1,0.1,8.4,-13.6,-124.3,2.8,-0.2,-4.6
2017021415325574,-1,0.1,0.1,8.4,-13.6,-124.3,2.8,-0.2,-4.6
2017021415325574,-1,0.1,0.1,8.4,-13.6,-124.3,2.8,-0.2,-4.6
2017021415325574,-1,0.1,0.1,8.4,-13.6,-124.3,2.8,-0.2,-4.6
2017021415325574,-1,0.1,0.1,8.4,-13.6,-124.3,2.8,-0.2,-4.6
2017021415325574,-1,0.1,0.1,8.4,-13.6,-124.3,2.8,-0.2,-4.6
2017021415325574,-1,0.1,0.1,8.4,-13.6,-124.3,2.8,-0.2,-4.6
2017021415325574,-1,0.1,0.1,8.4,-13.6,-124.3,2.8,-0.2,-4.6
2017021415325574,-1,0.1,0.1,8.4,-13.6,-124.3,2.8,-0.2,-4.6
2017021415325668,-1,0,0,8.1,-12.9,-123.5,1.8,1.3,-5.3
2017021415325668,-1,0,0,8.1,-12.9,-123.5,1.8,1.3,-5.3
2017021415325668,-1,0,0,8.1,-12.9,-123.5,1.8,1.3,-5.3
2017021415325668,-1,0,0,8.1,-12.9,-123.5,1.8,1.3,-5.3
2017021415325668,-1,0,0,8.1,-12.9,-123.5,1.8,1.3,-5.3
2017021415325668,-1,0,0,8.1,-12.9,-123.5,1.8,1.3,-5.3
2017021415325668,-1,0,0,8.1,-12.9,-123.5,1.8,1.3,-5.3
2017021415325668,-1,0,0,8.1,-12.9,-123.5,1.8,1.3,-5.3
2017021415325668,-1,0,0,8.1,-12.9,-123.5,1.8,1.3,-5.3
2017021415325762,-1,0,0.1,8.7,-13.2,-123.2,0.7,-0.5,-5.2
2017021415325762,-1,0,0.1,8.7,-13.2,-123.2,0.7,-0.5,-5.2
2017021415325762,-1,0,0.1,8.7,-13.2,-123.2,0.7,-0.5,-5.2
2017021415325762,-1,0,0.1,8.7,-13.2,-123.2,0.7,-0.5,-5.2
2017021415325762,-1,0,0.1,8.7,-13.2,-123.2,0.7,-0.5,-5.2
2017021415325762,-1,0,0.1,8.7,-13.2,-123.2,0.7,-0.5,-5.2
2017021415325762,-1,0,0.1,8.7,-13.2,-123.2,0.7,-0.5,-5.2
2017021415325762,-1,0,0.1,8.7,-13.2,-123.2,0.7,-0.5,-5.2
2017021415325762,-1,0,0.1,8.7,-13.2,-123.2,0.7,-0.5,-5.2
2017021415325855,-0.9,0.1,0,8.2,-12,-123.7,1.5,1.5,-5.1
2017021415325856,-0.9,0.1,0,8.2,-12,-123.7,1.5,1.5,-5.1
2017021415325856,-0.9,0.1,0,8.2,-12,-123.7,1.5,1.5,-5.1
2017021415325856,-0.9,0.1,0,8.2,-12,-123.7,1.5,1.5,-5.1
2017021415325856,-0.9,0.1,0,8.2,-12,-123.7,1.5,1.5,-5.1
2017021415325856,-0.9,0.1,0,8.2,-12,-123.7,1.5,1.5,-5.1
2017021415325856,-0.9,0.1,0,8.2,-12,-123.7,1.5,1.5,-5.1
2017021415325856,-0.9,0.1,0,8.2,-12,-123.7,1.5,1.5,-5.1
2017021415325856,-0.9,0.1,0,8.2,-12,-123.7,1.5,1.5,-5.1
2017021415325949,-1,0,0,7.5,-12.3,-123.7,2.4,0.7,-5.6
2017021415325949,-1,0,0,7.5,-12.3,-123.7,2.4,0.7,-5.6
2017021415325949,-1,0,0,7.5,-12.3,-123.7,2.4,0.7,-5.6
2017021415325949,-1,0,0,7.5,-12.3,-123.7,2.4,0.7,-5.6
2017021415325949,-1,0,0,7.5,-12.3,-123.7,2.4,0.7,-5.6
2017021415325949,-1,0,0,7.5,-12.3,-123.7,2.4,0.7,-5.6
2017021415325949,-1,0,0,7.5,-12.3,-123.7,2.4,0.7,-5.6
2017021415325949,-1,0,0,7.5,-12.3,-123.7,2.4,0.7,-5.6
2017021415325949,-1,0,0,7.5,-12.3,-123.7,2.4,0.7,-5.6
2017021415330043,-1,0,0.1,7.6,-12.1,-123.5,2.4,0.7,-6.6
2017021415330043,-1,0,0.1,7.6,-12.1,-123.5,2.4,0.7,-6.6
2017021415330043,-1,0,0.1,7.6,-12.1,-123.5,2.4,0.7,-6.6
2017021415330043,-1,0,0.1,7.6,-12.1,-123.5,2.4,0.7,-6.6
2017021415330043,-1,0,0.1,7.6,-12.1,-123.5,2.4,0.7,-6.6
2017021415330043,-1,0,0.1,7.6,-12.1,-123.5,2.4,0.7,-6.6
2017021415330043,-1,0,0.1,7.6,-12.1,-123.5,2.4,0.7,-6.6
2017021415330043,-1,0,0.1,7.6,-12.1,-123.5,2.4,0.7,-6.6
2017021415330043,-1,0,0.1,7.6,-12.1,-123.5,2.4,0.7,-6.6
2017021415330137,-1,0,0,7.3,-11.8,-124.3,1.5,0,-6.3
2017021415330137,-1,0,0,7.3,-11.8,-124.3,1.5,0,-6.3
2017021415330137,-1,0,0,7.3,-11.8,-124.3,1.5,0,-6.3
2017021415330137,-1,0,0,7.3,-11.8,-124.3,1.5,0,-6.3
2017021415330137,-1,0,0,7.3,-11.8,-124.3,1.5,0,-6.3
2017021415330137,-1,0,0,7.3,-11.8,-124.3,1.5,0,-6.3
2017021415330137,-1,0,0,7.3,-11.8,-124.3,1.5,0,-6.3
2017021415330137,-1,0,0,7.3,-11.8,-124.3,1.5,0,-6.3
2017021415330137,-1,0,0,7.3,-11.8,-124.3,1.5,0,-6.3
2017021415330230,-0.9,0.1,0,8.1,-13.2,-124.3,1.4,1.3,-3.4
2017021415330231,-0.9,0.1,0,8.1,-13.2,-124.3,1.4,1.3,-3.4
2017021415330231,-0.9,0.1,0,8.1,-13.2,-124.3,1.4,1.3,-3.4
2017021415330231,-0.9,0.1,0,8.1,-13.2,-124.3,1.4,1.3,-3.4
2017021415330231,-0.9,0.1,0,8.1,-13.2,-124.3,1.4,1.3,-3.4
2017021415330231,-0.9,0.1,0,8.1,-13.2,-124.3,1.4,1.3,-3.4
2017021415330232,-0.9,0.1,0,8.1,-13.2,-124.3,1.4,1.3,-3.4
2017021415330232,-0.9,0.1,0,8.1,-13.2,-124.3,1.4,1.3,-3.4
2017021415330232,-0.9,0.1,0,8.1,-13.2,-124.3,1.4,1.3,-3.4
2017021415330324,-1,0,0.1,7.6,-12.6,-125.2,1.7,-1.4,-2.8
2017021415330324,-1,0,0.1,7.6,-12.6,-125.2,1.7,-1.4,-2.8
2017021415330324,-1,0,0.1,7.6,-12.6,-125.2,1.7,-1.4,-2.8
2017021415330324,-1,0,0.1,7.6,-12.6,-125.2,1.7,-1.4,-2.8
2017021415330324,-1,0,0.1,7.6,-12.6,-125.2,1.7,-1.4,-2.8
2017021415330324,-1,0,0.1,7.6,-12.6,-125.2,1.7,-1.4,-2.8
2017021415330324,-1,0,0.1,7.6,-12.6,-125.2,1.7,-1.4,-2.8
2017021415330324,-1,0,0.1,7.6,-12.6,-125.2,1.7,-1.4,-2.8
2017021415330324,-1,0,0.1,7.6,-12.6,-125.2,1.7,-1.4,-2.8
2017021415330418,-1,0,-0.1,9,-13,-124.7,1.8,0.2,-3.8
2017021415330418,-1,0,-0.1,9,-13,-124.7,1.8,0.2,-3.8
2017021415330418,-1,0,-0.1,9,-13,-124.7,1.8,0.2,-3.8
2017021415330418,-1,0,-0.1,9,-13,-124.7,1.8,0.2,-3.8
2017021415330418,-1,0,-0.1,9,-13,-124.7,1.8,0.2,-3.8
2017021415330418,-1,0,-0.1,9,-13,-124.7,1.8,0.2,-3.8
2017021415330418,-1,0,-0.1,9,-13,-124.7,1.8,0.2,-3.8
2017021415330418,-1,0,-0.1,9,-13,-124.7,1.8,0.2,-3.8
2017021415330418,-1,0,-0.1,9,-13,-124.7,1.8,0.2,-3.8
2017021415330512,-0.9,0.1,0.1,10,-13,-123.4,0.6,0,-3.9
2017021415330512,-0.9,0.1,0.1,10,-13,-123.4,0.6,0,-3.9
2017021415330512,-0.9,0.1,0.1,10,-13,-123.4,0.6,0,-3.9
2017021415330512,-0.9,0.1,0.1,10,-13,-123.4,0.6,0,-3.9
2017021415330512,-0.9,0.1,0.1,10,-13,-123.4,0.6,0,-3.9
2017021415330512,-0.9,0.1,0.1,10,-13,-123.4,0.6,0,-3.9
2017021415330512,-0.9,0.1,0.1,10,-13,-123.4,0.6,0,-3.9
2017021415330512,-0.9,0.1,0.1,10,-13,-123.4,0.6,0,-3.9
2017021415330512,-0.9,0.1,0.1,10,-13,-123.4,0.6,0,-3.9
2017021415330605,-1,0.1,0,7.2,-12.3,-124.4,-0.1,1.9,-3.2
2017021415330605,-1,0.1,0,7.2,-12.3,-124.4,-0.1,1.9,-3.2
2017021415330605,-1,0.1,0,7.2,-12.3,-124.4,-0.1,1.9,-3.2
2017021415330605,-1,0.1,0,7.2,-12.3,-124.4,-0.1,1.9,-3.2
2017021415330605,-1,0.1,0,7.2,-12.3,-124.4,-0.1,1.9,-3.2
2017021415330605,-1,0.1,0,7.2,-12.3,-124.4,-0.1,1.9,-3.2
2017021415330605,-1,0.1,0,7.2,-12.3,-124.4,-0.1,1.9,-3.2
2017021415330605,-1,0.1,0,7.2,-12.3,-124.4,-0.1,1.9,-3.2
2017021415330605,-1,0.1,0,7.2,-12.3,-124.4,-0.1,1.9,-3.2
20170214153306999,-1,0,0,7.3,-12.6,-124.6,1.1,1.8,-3.2
20170214153306999,-1,0,0,7.3,-12.6,-124.6,1.1,1.8,-3.2
20170214153306999,-1,0,0,7.3,-12.6,-124.6,1.1,1.8,-3.2
20170214153306999,-1,0,0,7.3,-12.6,-124.6,1.1,1.8,-3.2
20170214153306999,-1,0,0,7.3,-12.6,-124.6,1.1,1.8,-3.2
20170214153306999,-1,0,0,7.3,-12.6,-124.6,1.1,1.8,-3.2
20170214153306999,-1,0,0,7.3,-12.6,-124.6,1.1,1.8,-3.2
20170214153306999,-1,0,0,7.3,-12.6,-124.6,1.1,1.8,-3.2
20170214153306999,-1,0,0,7.3,-12.6,-124.6,1.1,1.8,-3.2
20170214153307993,-1,0.1,0,8.2,-13,-124.7,1.2,2,-2.9
20170214153307993,-1,0.1,0,8.2,-13,-124.7,1.2,2,-2.9
20170214153307993,-1,0.1,0,8.2,-13,-124.7,1.2,2,-2.9
20170214153307993,-1,0.1,0,8.2,-13,-124.7,1.2,2,-2.9
20170214153307993,-1,0.1,0,8.2,-13,-124.7,1.2,2,-2.9
20170214153307993,-1,0.1,0,8.2,-13,-124.7,1.2,2,-2.9
20170214153307993,-1,0.1,0,8.2,-13,-124.7,1.2,2,-2.9
20170214153307993,-1,0.1,0,8.2,-13,-124.7,1.2,2,-2.9
20170214153307993,-1,0.1,0,8.2,-13,-124.7,1.2,2,-2.9
20170214153308986,-0.9,0,0.1,7.6,-12.6,-124.3,-0.5,1.8,-3.2
20170214153308987,-0.9,0,0.1,7.6,-12.6,-124.3,-0.5,1.8,-3.2
20170214153308987,-0.9,0,0.1,7.6,-12.6,-124.3,-0.5,1.8,-3.2
20170214153308987,-0.9,0,0.1,7.6,-12.6,-124.3,-0.5,1.8,-3.2
20170214153308987,-0.9,0,0.1,7.6,-12.6,-124.3,-0.5,1.8,-3.2
20170214153308987,-0.9,0,0.1,7.6,-12.6,-124.3,-0.5,1.8,-3.2
20170214153308987,-0.9,0,0.1,7.6,-12.6,-124.3,-0.5,1.8,-3.2
20170214153308987,-0.9,0,0.1,7.6,-12.6,-124.3,-0.5,1.8,-3.2
20170214153308987,-0.9,0,0.1,7.6,-12.6,-124.3,-0.5,1.8,-3.2
20170214153309980,-1,0,0,7.9,-12,-124.4,1.1,0.8,-5.5
20170214153309980,-1,0,0,7.9,-12,-124.4,1.1,0.8,-5.5
20170214153309980,-1,0,0,7.9,-12,-124.4,1.1,0.8,-5.5
20170214153309980,-1,0,0,7.9,-12,-124.4,1.1,0.8,-5.5
20170214153309980,-1,0,0,7.9,-12,-124.4,1.1,0.8,-5.5
20170214153309980,-1,0,0,7.9,-12,-124.4,1.1,0.8,-5.5
20170214153309980,-1,0,0,7.9,-12,-124.4,1.1,0.8,-5.5
20170214153309980,-1,0,0,7.9,-12,-124.4,1.1,0.8,-5.5
20170214153309981,-1,0,0,7.9,-12,-124.4,1.1,0.8,-5.5
20170214153310974,-1,0,0,7.3,-13.2,-123.5,0.6,1.2,-3.7
20170214153310974,-1,0,0,7.3,-13.2,-123.5,0.6,1.2,-3.7
20170214153310974,-1,0,0,7.3,-13.2,-123.5,0.6,1.2,-3.7
20170214153310974,-1,0,0,7.3,-13.2,-123.5,0.6,1.2,-3.7
20170214153310974,-1,0,0,7.3,-13.2,-123.5,0.6,1.2,-3.7
20170214153310974,-1,0,0,7.3,-13.2,-123.5,0.6,1.2,-3.7
20170214153310974,-1,0,0,7.3,-13.2,-123.5,0.6,1.2,-3.7
20170214153310974,-1,0,0,7.3,-13.2,-123.5,0.6,1.2,-3.7
20170214153310974,-1,0,0,7.3,-13.2,-123.5,0.6,1.2,-3.7
20170214153311968,-1,0,0.1,8.5,-12,-124.7,1.6,0.9,-2.7
20170214153311968,-1,0,0.1,8.5,-12,-124.7,1.6,0.9,-2.7
20170214153311968,-1,0,0.1,8.5,-12,-124.7,1.6,0.9,-2.7
20170214153311968,-1,0,0.1,8.5,-12,-124.7,1.6,0.9,-2.7
20170214153311968,-1,0,0.1,8.5,-12,-124.7,1.6,0.9,-2.7
20170214153311968,-1,0,0.1,8.5,-12,-124.7,1.6,0.9,-2.7
20170214153311968,-1,0,0.1,8.5,-12,-124.7,1.6,0.9,-2.7
20170214153311968,-1,0,0.1,8.5,-12,-124.7,1.6,0.9,-2.7
20170214153311968,-1,0,0.1,8.5,-12,-124.7,1.6,0.9,-2.7
20170214153312961,-1,0,0,7.6,-12.6,-123.8,2.2,-1.8,-3.5
20170214153312962,-1,0,0,7.6,-12.6,-123.8,2.2,-1.8,-3.5
20170214153312962,-1,0,0,7.6,-12.6,-123.8,2.2,-1.8,-3.5
20170214153312962,-1,0,0,7.6,-12.6,-123.8,2.2,-1.8,-3.5
20170214153312962,-1,0,0,7.6,-12.6,-123.8,2.2,-1.8,-3.5
20170214153312962,-1,0,0,7.6,-12.6,-123.8,2.2,-1.8,-3.5
20170214153312962,-1,0,0,7.6,-12.6,-123.8,2.2,-1.8,-3.5
20170214153312962,-1,0,0,7.6,-12.6,-123.8,2.2,-1.8,-3.5
20170214153312962,-1,0,0,7.6,-12.6,-123.8,2.2,-1.8,-3.5
20170214153313955,-1,0,0,7.6,-12.6,-124.3,1.7,-0.5,-4.4
20170214153313955,-1,0,0,7.6,-12.6,-124.3,1.7,-0.5,-4.4
20170214153313955,-1,0,0,7.6,-12.6,-124.3,1.7,-0.5,-4.4
20170214153313956,-1,0,0,7.6,-12.6,-124.3,1.7,-0.5,-4.4
20170214153313956,-1,0,0,7.6,-12.6,-124.3,1.7,-0.5,-4.4
20170214153313956,-1,0,0,7.6,-12.6,-124.3,1.7,-0.5,-4.4
20170214153313956,-1,0,0,7.6,-12.6,-124.3,1.7,-0.5,-4.4
20170214153313956,-1,0,0,7.6,-12.6,-124.3,1.7,-0.5,-4.4
20170214153313956,-1,0,0,7.6,-12.6,-124.3,1.7,-0.5,-4.4
20170214153314950,-1,0.1,0.1,6.6,-13.2,-124.3,0.4,-0.2,-5.4
20170214153314950,-1,0.1,0.1,6.6,-13.2,-124.3,0.4,-0.2,-5.4
20170214153314950,-1,0.1,0.1,6.6,-13.2,-124.3,0.4,-0.2,-5.4
20170214153314950,-1,0.1,0.1,6.6,-13.2,-124.3,0.4,-0.2,-5.4
20170214153314950,-1,0.1,0.1,6.6,-13.2,-124.3,0.4,-0.2,-5.4
20170214153314950,-1,0.1,0.1,6.6,-13.2,-124.3,0.4,-0.2,-5.4
20170214153314950,-1,0.1,0.1,6.6,-13.2,-124.3,0.4,-0.2,-5.4
20170214153314950,-1,0.1,0.1,6.6,-13.2,-124.3,0.4,-0.2,-5.4
20170214153314950,-1,0.1,0.1,6.6,-13.2,-124.3,0.4,-0.2,-5.4
20170214153315943,-1,0,0,7.9,-12,-126.1,0.7,-0.7,-4.2
20170214153315943,-1,0,0,7.9,-12,-126.1,0.7,-0.7,-4.2
20170214153315943,-1,0,0,7.9,-12,-126.1,0.7,-0.7,-4.2
20170214153315943,-1,0,0,7.9,-12,-126.1,0.7,-0.7,-4.2
20170214153315943,-1,0,0,7.9,-12,-126.1,0.7,-0.7,-4.2
20170214153315943,-1,0,0,7.9,-12,-126.1,0.7,-0.7,-4.2
20170214153315943,-1,0,0,7.9,-12,-126.1,0.7,-0.7,-4.2
20170214153315943,-1,0,0,7.9,-12,-126.1,0.7,-0.7,-4.2
20170214153315943,-1,0,0,7.9,-12,-126.1,0.7,-0.7,-4.2
20170214153316936,-0.9,0,0,7.6,-12.1,-124.3,0.7,-0.1,-4.2
20170214153316937,-0.9,0,0,7.6,-12.1,-124.3,0.7,-0.1,-4.2
20170214153316937,-0.9,0,0,7.6,-12.1,-124.3,0.7,-0.1,-4.2
20170214153316937,-0.9,0,0,7.6,-12.1,-124.3,0.7,-0.1,-4.2
20170214153316937,-0.9,0,0,7.6,-12.1,-124.3,0.7,-0.1,-4.2
20170214153316937,-0.9,0,0,7.6,-12.1,-124.3,0.7,-0.1,-4.2
20170214153316937,-0.9,0,0,7.6,-12.1,-124.3,0.7,-0.1,-4.2
20170214153316937,-0.9,0,0,7.6,-12.1,-124.3,0.7,-0.1,-4.2
20170214153316937,-0.9,0,0,7.6,-12.1,-124.3,0.7,-0.1,-4.2
20170214153317930,-0.9,0,0.1,6.6,-12.6,-124.9,2.1,1,-5.2
20170214153317930,-0.9,0,0.1,6.6,-12.6,-124.9,2.1,1,-5.2
20170214153317930,-0.9,0,0.1,6.6,-12.6,-124.9,2.1,1,-5.2
20170214153317930,-0.9,0,0.1,6.6,-12.6,-124.9,2.1,1,-5.2
20170214153317930,-0.9,0,0.1,6.6,-12.6,-124.9,2.1,1,-5.2
20170214153317930,-0.9,0,0.1,6.6,-12.6,-124.9,2.1,1,-5.2
20170214153317930,-0.9,0,0.1,6.6,-12.6,-124.9,2.1,1,-5.2
20170214153317930,-0.9,0,0.1,6.6,-12.6,-124.9,2.1,1,-5.2
20170214153317930,-0.9,0,0.1,6.6,-12.6,-124.9,2.1,1,-5.2
20170214153318924,-1,0,0,9,-12,-124.4,2.3,0.3,-3.9
20170214153318924,-1,0,0,9,-12,-124.4,2.3,0.3,-3.9
20170214153318924,-1,0,0,9,-12,-124.4,2.3,0.3,-3.9
20170214153318924,-1,0,0,9,-12,-124.4,2.3,0.3,-3.9
20170214153318924,-1,0,0,9,-12,-124.4,2.3,0.3,-3.9
20170214153318924,-1,0,0,9,-12,-124.4,2.3,0.3,-3.9
20170214153318924,-1,0,0,9,-12,-124.4,2.3,0.3,-3.9
20170214153318924,-1,0,0,9,-12,-124.4,2.3,0.3,-3.9
20170214153318924,-1,0,0,9,-12,-124.4,2.3,0.3,-3.9
20170214153319918,-1,0,0,9.1,-13.6,-124.6,1.2,0.7,-0.9
20170214153319918,-1,0,0,9.1,-13.6,-124.6,1.2,0.7,-0.9
20170214153319918,-1,0,0,9.1,-13.6,-124.6,1.2,0.7,-0.9
20170214153319918,-1,0,0,9.1,-13.6,-124.6,1.2,0.7,-0.9
20170214153319918,-1,0,0,9.1,-13.6,-124.6,1.2,0.7,-0.9
20170214153319918,-1,0,0,9.1,-13.6,-124.6,1.2,0.7,-0.9
20170214153319918,-1,0,0,9.1,-13.6,-124.6,1.2,0.7,-0.9
20170214153319918,-1,0,0,9.1,-13.6,-124.6,1.2,0.7,-0.9
20170214153319918,-1,0,0,9.1,-13.6,-124.6,1.2,0.7,-0.9
20170214153320911,-1,0,0,6.9,-12.3,-124,0,0.3,-3
20170214153320911,-1,0,0,6.9,-12.3,-124,0,0.3,-3
20170214153320911,-1,0,0,6.9,-12.3,-124,0,0.3,-3
20170214153320911,-1,0,0,6.9,-12.3,-124,0,0.3,-3
20170214153320911,-1,0,0,6.9,-12.3,-124,0,0.3,-3
20170214153320911,-1,0,0,6.9,-12.3,-124,0,0.3,-3
20170214153320911,-1,0,0,6.9,-12.3,-124,0,0.3,-3
20170214153320912,-1,0,0,6.9,-12.3,-124,0,0.3,-3
20170214153320912,-1,0,0,6.9,-12.3,-124,0,0.3,-3
20170214153321905,-0.9,0,0,8.7,-13.2,-124.9,0.9,0.6,-4.3
20170214153321905,-0.9,0,0,8.7,-13.2,-124.9,0.9,0.6,-4.3
20170214153321905,-0.9,0,0,8.7,-13.2,-124.9,0.9,0.6,-4.3
20170214153321905,-0.9,0,0,8.7,-13.2,-124.9,0.9,0.6,-4.3
20170214153321905,-0.9,0,0,8.7,-13.2,-124.9,0.9,0.6,-4.3
20170214153321905,-0.9,0,0,8.7,-13.2,-124.9,0.9,0.6,-4.3
20170214153321905,-0.9,0,0,8.7,-13.2,-124.9,0.9,0.6,-4.3
20170214153321905,-0.9,0,0,8.7,-13.2,-124.9,0.9,0.6,-4.3
20170214153321905,-0.9,0,0,8.7,-13.2,-124.9,0.9,0.6,-4.3
20170214153322899,-1,0.1,0,8.2,-12,-125.5,1.3,0.1,-4.6
20170214153322899,-1,0.1,0,8.2,-12,-125.5,1.3,0.1,-4.6
20170214153322899,-1,0.1,0,8.2,-12,-125.5,1.3,0.1,-4.6
20170214153322899,-1,0.1,0,8.2,-12,-125.5,1.3,0.1,-4.6
20170214153322899,-1,0.1,0,8.2,-12,-125.5,1.3,0.1,-4.6
20170214153322899,-1,0.1,0,8.2,-12,-125.5,1.3,0.1,-4.6
20170214153322899,-1,0.1,0,8.2,-12,-125.5,1.3,0.1,-4.6
20170214153322899,-1,0.1,0,8.2,-12,-125.5,1.3,0.1,-4.6
20170214153322899,-1,0.1,0,8.2,-12,-125.5,1.3,0.1,-4.6
2017021415332491,-1,0,0,7.9,-12.7,-124.7,0.6,1.3,-4.6
2017021415332491,-1,0,0,7.9,-12.7,-124.7,0.6,1.3,-4.6
2017021415332492,-1,0,0,7.9,-12.7,-124.7,0.6,1.3,-4.6
2017021415332492,-1,0,0,7.9,-12.7,-124.7,0.6,1.3,-4.6
2017021415332492,-1,0,0,7.9,-12.7,-124.7,0.6,1.3,-4.6
2017021415332492,-1,0,0,7.9,-12.7,-124.7,0.6,1.3,-4.6
2017021415332492,-1,0,0,7.9,-12.7,-124.7,0.6,1.3,-4.6
2017021415332492,-1,0,0,7.9,-12.7,-124.7,0.6,1.3,-4.6
2017021415332492,-1,0,0,7.9,-12.7,-124.7,0.6,1.3,-4.6
2017021415332585,-0.9,0,0,8.4,-12.6,-125.6,2.3,0.5,-1.6
2017021415332586,-0.9,0,0,8.4,-12.6,-125.6,2.3,0.5,-1.6
2017021415332586,-0.9,0,0,8.4,-12.6,-125.6,2.3,0.5,-1.6
2017021415332586,-0.9,0,0,8.4,-12.6,-125.6,2.3,0.5,-1.6
2017021415332586,-0.9,0,0,8.4,-12.6,-125.6,2.3,0.5,-1.6
2017021415332586,-0.9,0,0,8.4,-12.6,-125.6,2.3,0.5,-1.6
2017021415332586,-0.9,0,0,8.4,-12.6,-125.6,2.3,0.5,-1.6
2017021415332586,-0.9,0,0,8.4,-12.6,-125.6,2.3,0.5,-1.6
2017021415332586,-0.9,0,0,8.4,-12.6,-125.6,2.3,0.5,-1.6
2017021415332679,-1.1,-0.1,-0.1,7,-14.2,-124.9,1.6,-0.4,-2.3
2017021415332679,-1.1,-0.1,-0.1,7,-14.2,-124.9,1.6,-0.4,-2.3
2017021415332679,-1.1,-0.1,-0.1,7,-14.2,-124.9,1.6,-0.4,-2.3
2017021415332679,-1.1,-0.1,-0.1,7,-14.2,-124.9,1.6,-0.4,-2.3
2017021415332679,-1.1,-0.1,-0.1,7,-14.2,-124.9,1.6,-0.4,-2.3
2017021415332679,-1.1,-0.1,-0.1,7,-14.2,-124.9,1.6,-0.4,-2.3
2017021415332679,-1.1,-0.1,-0.1,7,-14.2,-124.9,1.6,-0.4,-2.3
2017021415332679,-1.1,-0.1,-0.1,7,-14.2,-124.9,1.6,-0.4,-2.3
2017021415332679,-1.1,-0.1,-0.1,7,-14.2,-124.9,1.6,-0.4,-2.3
2017021415332773,0,0,-0.9,7.5,-13.5,-124.4,42.1,72.2,0
2017021415332773,0,0,-0.9,7.5,-13.5,-124.4,42.1,72.2,0
2017021415332773,0,0,-0.9,7.5,-13.5,-124.4,42.1,72.2,0
2017021415332773,0,0,-0.9,7.5,-13.5,-124.4,42.1,72.2,0
2017021415332773,0,0,-0.9,7.5,-13.5,-124.4,42.1,72.2,0
2017021415332773,0,0,-0.9,7.5,-13.5,-124.4,42.1,72.2,0
2017021415332773,0,0,-0.9,7.5,-13.5,-124.4,42.1,72.2,0
2017021415332773,0,0,-0.9,7.5,-13.5,-124.4,42.1,72.2,0
2017021415332773,0,0,-0.9,7.5,-13.5,-124.4,42.1,72.2,0
2017021415332866,0,-0.1,-1,8.1,-12.1,-129.7,0.8,0.6,-6
2017021415332866,0,-0.1,-1,8.1,-12.1,-129.7,0.8,0.6,-6
2017021415332867,0,-0.1,-1,8.1,-12.1,-129.7,0.8,0.6,-6
2017021415332867,0,-0.1,-1,8.1,-12.1,-129.7,0.8,0.6,-6
2017021415332867,0,-0.1,-1,8.1,-12.1,-129.7,0.8,0.6,-6
2017021415332867,0,-0.1,-1,8.1,-12.1,-129.7,0.8,0.6,-6
2017021415332867,0,-0.1,-1,8.1,-12.1,-129.7,0.8,0.6,-6
2017021415332867,0,-0.1,-1,8.1,-12.1,-129.7,0.8,0.6,-6
2017021415332867,0,-0.1,-1,8.1,-12.1,-129.7,0.8,0.6,-6
2017021415332960,0,0,-1,3.3,-55.5,-172.5,1.4,0,-5.7
2017021415332960,0,0,-1,3.3,-55.5,-172.5,1.4,0,-5.7
2017021415332960,0,0,-1,3.3,-55.5,-172.5,1.4,0,-5.7
2017021415332960,0,0,-1,3.3,-55.5,-172.5,1.4,0,-5.7
2017021415332960,0,0,-1,3.3,-55.5,-172.5,1.4,0,-5.7
2017021415332960,0,0,-1,3.3,-55.5,-172.5,1.4,0,-5.7
2017021415332960,0,0,-1,3.3,-55.5,-172.5,1.4,0,-5.7
2017021415332960,0,0,-1,3.3,-55.5,-172.5,1.4,0,-5.7
2017021415332960,0,0,-1,3.3,-55.5,-172.5,1.4,0,-5.7
2017021415333054,0,0.1,-1,2.7,-57,-173.1,3.4,0.3,-6.1
2017021415333054,0,0.1,-1,2.7,-57,-173.1,3.4,0.3,-6.1
2017021415333054,0,0.1,-1,2.7,-57,-173.1,3.4,0.3,-6.1
2017021415333054,0,0.1,-1,2.7,-57,-173.1,3.4,0.3,-6.1
2017021415333054,0,0.1,-1,2.7,-57,-173.1,3.4,0.3,-6.1
2017021415333054,0,0.1,-1,2.7,-57,-173.1,3.4,0.3,-6.1
2017021415333054,0,0.1,-1,2.7,-57,-173.1,3.4,0.3,-6.1
2017021415333054,0,0.1,-1,2.7,-57,-173.1,3.4,0.3,-6.1
2017021415333054,0,0.1,-1,2.7,-57,-173.1,3.4,0.3,-6.1
2017021415333148,0.1,0,-1,3.3,-54.7,-173.3,1.7,0,-4.5
2017021415333148,0.1,0,-1,3.3,-54.7,-173.3,1.7,0,-4.5
2017021415333148,0.1,0,-1,3.3,-54.7,-173.3,1.7,0,-4.5
2017021415333148,0.1,0,-1,3.3,-54.7,-173.3,1.7,0,-4.5
2017021415333148,0.1,0,-1,3.3,-54.7,-173.3,1.7,0,-4.5
2017021415333148,0.1,0,-1,3.3,-54.7,-173.3,1.7,0,-4.5
2017021415333148,0.1,0,-1,3.3,-54.7,-173.3,1.7,0,-4.5
2017021415333148,0.1,0,-1,3.3,-54.7,-173.3,1.7,0,-4.5
2017021415333148,0.1,0,-1,3.3,-54.7,-173.3,1.7,0,-4.5
2017021415333242,0,0,-1,2.7,-54.9,-173.4,1.3,0.7,-3.8
2017021415333242,0,0,-1,2.7,-54.9,-173.4,1.3,0.7,-3.8
2017021415333242,0,0,-1,2.7,-54.9,-173.4,1.3,0.7,-3.8
2017021415333242,0,0,-1,2.7,-54.9,-173.4,1.3,0.7,-3.8
2017021415333242,0,0,-1,2.7,-54.9,-173.4,1.3,0.7,-3.8
2017021415333242,0,0,-1,2.7,-54.9,-173.4,1.3,0.7,-3.8
2017021415333242,0,0,-1,2.7,-54.9,-173.4,1.3,0.7,-3.8
2017021415333242,0,0,-1,2.7,-54.9,-173.4,1.3,0.7,-3.8
2017021415333242,0,0,-1,2.7,-54.9,-173.4,1.3,0.7,-3.8
2017021415333335,0,0,-1,1.5,-55.5,-171.9,0.5,0.5,-4.4
2017021415333335,0,0,-1,1.5,-55.5,-171.9,0.5,0.5,-4.4
2017021415333335,0,0,-1,1.5,-55.5,-171.9,0.5,0.5,-4.4
2017021415333335,0,0,-1,1.5,-55.5,-171.9,0.5,0.5,-4.4
2017021415333335,0,0,-1,1.5,-55.5,-171.9,0.5,0.5,-4.4
2017021415333335,0,0,-1,1.5,-55.5,-171.9,0.5,0.5,-4.4
2017021415333335,0,0,-1,1.5,-55.5,-171.9,0.5,0.5,-4.4
2017021415333335,0,0,-1,1.5,-55.5,-171.9,0.5,0.5,-4.4
2017021415333335,0,0,-1,1.5,-55.5,-171.9,0.5,0.5,-4.4
2017021415333429,0,0,-1,3.1,-55.6,-173.4,1.2,0.3,-3.8
2017021415333429,0,0,-1,3.1,-55.6,-173.4,1.2,0.3,-3.8
2017021415333429,0,0,-1,3.1,-55.6,-173.4,1.2,0.3,-3.8
2017021415333429,0,0,-1,3.1,-55.6,-173.4,1.2,0.3,-3.8
2017021415333429,0,0,-1,3.1,-55.6,-173.4,1.2,0.3,-3.8
2017021415333429,0,0,-1,3.1,-55.6,-173.4,1.2,0.3,-3.8
2017021415333429,0,0,-1,3.1,-55.6,-173.4,1.2,0.3,-3.8
2017021415333429,0,0,-1,3.1,-55.6,-173.4,1.2,0.3,-3.8
2017021415333429,0,0,-1,3.1,-55.6,-173.4,1.2,0.3,-3.8
2017021415333523,0.1,0,-1.1,2.7,-56.4,-171.3,3.5,-0.4,-3.9
2017021415333523,0.1,0,-1.1,2.7,-56.4,-171.3,3.5,-0.4,-3.9
2017021415333523,0.1,0,-1.1,2.7,-56.4,-171.3,3.5,-0.4,-3.9
2017021415333523,0.1,0,-1.1,2.7,-56.4,-171.3,3.5,-0.4,-3.9
2017021415333523,0.1,0,-1.1,2.7,-56.4,-171.3,3.5,-0.4,-3.9
2017021415333523,0.1,0,-1.1,2.7,-56.4,-171.3,3.5,-0.4,-3.9
2017021415333524,0.1,0,-1.1,2.7,-56.4,-171.3,3.5,-0.4,-3.9
2017021415333524,0.1,0,-1.1,2.7,-56.4,-171.3,3.5,-0.4,-3.9
2017021415333524,0.1,0,-1.1,2.7,-56.4,-171.3,3.5,-0.4,-3.9
2017021415333616,0,0,-1,3.7,-55.6,-172.4,0,-0.2,-3.3
2017021415333616,0,0,-1,3.7,-55.6,-172.4,0,-0.2,-3.3
2017021415333616,0,0,-1,3.7,-55.6,-172.4,0,-0.2,-3.3
2017021415333616,0,0,-1,3.7,-55.6,-172.4,0,-0.2,-3.3
2017021415333616,0,0,-1,3.7,-55.6,-172.4,0,-0.2,-3.3
2017021415333616,0,0,-1,3.7,-55.6,-172.4,0,-0.2,-3.3
2017021415333616,0,0,-1,3.7,-55.6,-172.4,0,-0.2,-3.3
2017021415333616,0,0,-1,3.7,-55.6,-172.4,0,-0.2,-3.3
2017021415333617,0,0,-1,3.7,-55.6,-172.4,0,-0.2,-3.3
2017021415333710,-1,0.1,0,1.6,-54.9,-172.4,0.9,0.6,-3.5
2017021415333710,-1,0.1,0,1.6,-54.9,-172.4,0.9,0.6,-3.5
2017021415333710,-1,0.1,0,1.6,-54.9,-172.4,0.9,0.6,-3.5
2017021415333710,-1,0.1,0,1.6,-54.9,-172.4,0.9,0.6,-3.5
2017021415333710,-1,0.1,0,1.6,-54.9,-172.4,0.9,0.6,-3.5
2017021415333710,-1,0.1,0,1.6,-54.9,-172.4,0.9,0.6,-3.5
2017021415333710,-1,0.1,0,1.6,-54.9,-172.4,0.9,0.6,-3.5
2017021415333710,-1,0.1,0,1.6,-54.9,-172.4,0.9,0.6,-3.5
2017021415333710,-1,0.1,0,1.6,-54.9,-172.4,0.9,0.6,-3.5
2017021415333804,-1,0.1,0,2.7,-56.7,-171.8,1.3,-3.5,-4
2017021415333804,-1,0.1,0,2.7,-56.7,-171.8,1.3,-3.5,-4
2017021415333804,-1,0.1,0,2.7,-56.7,-171.8,1.3,-3.5,-4
2017021415333804,-1,0.1,0,2.7,-56.7,-171.8,1.3,-3.5,-4
2017021415333804,-1,0.1,0,2.7,-56.7,-171.8,1.3,-3.5,-4
2017021415333804,-1,0.1,0,2.7,-56.7,-171.8,1.3,-3.5,-4
2017021415333804,-1,0.1,0,2.7,-56.7,-171.8,1.3,-3.5,-4
2017021415333804,-1,0.1,0,2.7,-56.7,-171.8,1.3,-3.5,-4
2017021415333804,-1,0.1,0,2.7,-56.7,-171.8,1.3,-3.5,-4
20170214153338998,-1,0,0.1,8.7,-12.6,-123.8,0.7,0.4,-5
20170214153338998,-1,0,0.1,8.7,-12.6,-123.8,0.7,0.4,-5
20170214153338998,-1,0,0.1,8.7,-12.6,-123.8,0.7,0.4,-5
20170214153338998,-1,0,0.1,8.7,-12.6,-123.8,0.7,0.4,-5
20170214153338998,-1,0,0.1,8.7,-12.6,-123.8,0.7,0.4,-5
20170214153338998,-1,0,0.1,8.7,-12.6,-123.8,0.7,0.4,-5
20170214153338998,-1,0,0.1,8.7,-12.6,-123.8,0.7,0.4,-5
20170214153338998,-1,0,0.1,8.7,-12.6,-123.8,0.7,0.4,-5
20170214153338998,-1,0,0.1,8.7,-12.6,-123.8,0.7,0.4,-5
20170214153339991,-1,0,0,6.4,-12,-124.7,2.2,0.1,-3
20170214153339991,-1,0,0,6.4,-12,-124.7,2.2,0.1,-3
20170214153339991,-1,0,0,6.4,-12,-124.7,2.2,0.1,-3
20170214153339991,-1,0,0,6.4,-12,-124.7,2.2,0.1,-3
20170214153339991,-1,0,0,6.4,-12,-124.7,2.2,0.1,-3
20170214153339992,-1,0,0,6.4,-12,-124.7,2.2,0.1,-3
20170214153339992,-1,0,0,6.4,-12,-124.7,2.2,0.1,-3
20170214153339992,-1,0,0,6.4,-12,-124.7,2.2,0.1,-3
20170214153339992,-1,0,0,6.4,-12,-124.7,2.2,0.1,-3
20170214153340986,-1,0,0.1,9,-13,-124.4,1.4,1.2,-2.8
20170214153340986,-1,0,0.1,9,-13,-124.4,1.4,1.2,-2.8
20170214153340986,-1,0,0.1,9,-13,-124.4,1.4,1.2,-2.8
20170214153340986,-1,0,0.1,9,-13,-124.4,1.4,1.2,-2.8
20170214153340987,-1,0,0.1,9,-13,-124.4,1.4,1.2,-2.8
20170214153340987,-1,0,0.1,9,-13,-124.4,1.4,1.2,-2.8
20170214153340987,-1,0,0.1,9,-13,-124.4,1.4,1.2,-2.8
20170214153340987,-1,0,0.1,9,-13,-124.4,1.4,1.2,-2.8
20170214153340987,-1,0,0.1,9,-13,-124.4,1.4,1.2,-2.8
20170214153341979,-1,0,0.1,9,-13,-124.4,1.7,-0.1,-4.7
20170214153341979,-1,0,0.1,9,-13,-124.4,1.7,-0.1,-4.7
20170214153341979,-1,0,0.1,9,-13,-124.4,1.7,-0.1,-4.7
20170214153341979,-1,0,0.1,9,-13,-124.4,1.7,-0.1,-4.7
20170214153341979,-1,0,0.1,9,-13,-124.4,1.7,-0.1,-4.7
20170214153341979,-1,0,0.1,9,-13,-124.4,1.7,-0.1,-4.7
20170214153341979,-1,0,0.1,9,-13,-124.4,1.7,-0.1,-4.7
20170214153341979,-1,0,0.1,9,-13,-124.4,1.7,-0.1,-4.7
20170214153341979,-1,0,0.1,9,-13,-124.4,1.7,-0.1,-4.7
20170214153342973,-1,0.1,0,8.4,-11.1,-124.3,1.6,0.5,-5.1
20170214153342973,-1,0.1,0,8.4,-11.1,-124.3,1.6,0.5,-5.1
20170214153342973,-1,0.1,0,8.4,-11.1,-124.3,1.6,0.5,-5.1
20170214153342973,-1,0.1,0,8.4,-11.1,-124.3,1.6,0.5,-5.1
20170214153342973,-1,0.1,0,8.4,-11.1,-124.3,1.6,0.5,-5.1
20170214153342973,-1,0.1,0,8.4,-11.1,-124.3,1.6,0.5,-5.1
20170214153342973,-1,0.1,0,8.4,-11.1,-124.3,1.6,0.5,-5.1
20170214153342973,-1,0.1,0,8.4,-11.1,-124.3,1.6,0.5,-5.1
20170214153342973,-1,0.1,0,8.4,-11.1,-124.3,1.6,0.5,-5.1
20170214153343967,-1,0,0.1,8.5,-12.3,-124.4,2,-0.1,-4.6
20170214153343967,-1,0,0.1,8.5,-12.3,-124.4,2,-0.1,-4.6
20170214153343967,-1,0,0.1,8.5,-12.3,-124.4,2,-0.1,-4.6
20170214153343967,-1,0,0.1,8.5,-12.3,-124.4,2,-0.1,-4.6
20170214153343967,-1,0,0.1,8.5,-12.3,-124.4,2,-0.1,-4.6
20170214153343967,-1,0,0.1,8.5,-12.3,-124.4,2,-0.1,-4.6
20170214153343967,-1,0,0.1,8.5,-12.3,-124.4,2,-0.1,-4.6
20170214153343967,-1,0,0.1,8.5,-12.3,-124.4,2,-0.1,-4.6
20170214153343967,-1,0,0.1,8.5,-12.3,-124.4,2,-0.1,-4.6
20170214153344960,-1,0.1,0.1,9.3,-12.3,-125.8,0.5,-0.2,-3.9
20170214153344960,-1,0.1,0.1,9.3,-12.3,-125.8,0.5,-0.2,-3.9
20170214153344960,-1,0.1,0.1,9.3,-12.3,-125.8,0.5,-0.2,-3.9
20170214153344960,-1,0.1,0.1,9.3,-12.3,-125.8,0.5,-0.2,-3.9
20170214153344961,-1,0.1,0.1,9.3,-12.3,-125.8,0.5,-0.2,-3.9
20170214153344961,-1,0.1,0.1,9.3,-12.3,-125.8,0.5,-0.2,-3.9
20170214153344961,-1,0.1,0.1,9.3,-12.3,-125.8,0.5,-0.2,-3.9
20170214153344961,-1,0.1,0.1,9.3,-12.3,-125.8,0.5,-0.2,-3.9
20170214153344961,-1,0.1,0.1,9.3,-12.3,-125.8,0.5,-0.2,-3.9
20170214153345954,-1,0.1,0.1,9,-12.7,-124.4,2.7,0.8,-3.5
20170214153345954,-1,0.1,0.1,9,-12.7,-124.4,2.7,0.8,-3.5
20170214153345954,-1,0.1,0.1,9,-12.7,-124.4,2.7,0.8,-3.5
20170214153345954,-1,0.1,0.1,9,-12.7,-124.4,2.7,0.8,-3.5
20170214153345954,-1,0.1,0.1,9,-12.7,-124.4,2.7,0.8,-3.5
20170214153345954,-1,0.1,0.1,9,-12.7,-124.4,2.7,0.8,-3.5
20170214153345954,-1,0.1,0.1,9,-12.7,-124.4,2.7,0.8,-3.5
20170214153345954,-1,0.1,0.1,9,-12.7,-124.4,2.7,0.8,-3.5
20170214153345954,-1,0.1,0.1,9,-12.7,-124.4,2.7,0.8,-3.5
20170214153346948,-1,0,0,7.6,-12.9,-123.5,2.4,0.7,-2.3
20170214153346948,-1,0,0,7.6,-12.9,-123.5,2.4,0.7,-2.3
20170214153346948,-1,0,0,7.6,-12.9,-123.5,2.4,0.7,-2.3
20170214153346948,-1,0,0,7.6,-12.9,-123.5,2.4,0.7,-2.3
20170214153346948,-1,0,0,7.6,-12.9,-123.5,2.4,0.7,-2.3
20170214153346948,-1,0,0,7.6,-12.9,-123.5,2.4,0.7,-2.3
20170214153346948,-1,0,0,7.6,-12.9,-123.5,2.4,0.7,-2.3
20170214153346948,-1,0,0,7.6,-12.9,-123.5,2.4,0.7,-2.3
20170214153346948,-1,0,0,7.6,-12.9,-123.5,2.4,0.7,-2.3
20170214153347941,-1,0,0,9.6,-11.2,-124.4,0.9,-0.8,-3.5
20170214153347942,-1,0,0,9.6,-11.2,-124.4,0.9,-0.8,-3.5
20170214153347942,-1,0,0,9.6,-11.2,-124.4,0.9,-0.8,-3.5
20170214153347942,-1,0,0,9.6,-11.2,-124.4,0.9,-0.8,-3.5
20170214153347942,-1,0,0,9.6,-11.2,-124.4,0.9,-0.8,-3.5
20170214153347942,-1,0,0,9.6,-11.2,-124.4,0.9,-0.8,-3.5
20170214153347942,-1,0,0,9.6,-11.2,-124.4,0.9,-0.8,-3.5
20170214153347942,-1,0,0,9.6,-11.2,-124.4,0.9,-0.8,-3.5
20170214153347942,-1,0,0,9.6,-11.2,-124.4,0.9,-0.8,-3.5
20170214153348935,-1,0,0,7.3,-11.8,-123.5,0.9,-0.4,-4.5
20170214153348935,-1,0,0,7.3,-11.8,-123.5,0.9,-0.4,-4.5
20170214153348935,-1,0,0,7.3,-11.8,-123.5,0.9,-0.4,-4.5
20170214153348936,-1,0,0,7.3,-11.8,-123.5,0.9,-0.4,-4.5
20170214153348936,-1,0,0,7.3,-11.8,-123.5,0.9,-0.4,-4.5
20170214153348936,-1,0,0,7.3,-11.8,-123.5,0.9,-0.4,-4.5
20170214153348936,-1,0,0,7.3,-11.8,-123.5,0.9,-0.4,-4.5
20170214153348936,-1,0,0,7.3,-11.8,-123.5,0.9,-0.4,-4.5
20170214153348936,-1,0,0,7.3,-11.8,-123.5,0.9,-0.4,-4.5
20170214153349929,-1,0,0.1,9.1,-12.6,-124.9,2.4,-0.1,-5.3
20170214153349929,-1,0,0.1,9.1,-12.6,-124.9,2.4,-0.1,-5.3
20170214153349929,-1,0,0.1,9.1,-12.6,-124.9,2.4,-0.1,-5.3
20170214153349929,-1,0,0.1,9.1,-12.6,-124.9,2.4,-0.1,-5.3
20170214153349929,-1,0,0.1,9.1,-12.6,-124.9,2.4,-0.1,-5.3
20170214153349929,-1,0,0.1,9.1,-12.6,-124.9,2.4,-0.1,-5.3
20170214153349930,-1,0,0.1,9.1,-12.6,-124.9,2.4,-0.1,-5.3
20170214153349930,-1,0,0.1,9.1,-12.6,-124.9,2.4,-0.1,-5.3
20170214153349930,-1,0,0.1,9.1,-12.6,-124.9,2.4,-0.1,-5.3
20170214153350923,-1,0,0,9,-12.3,-125.5,1.1,0.3,-3.4
20170214153350931,-1,0,0,9,-12.3,-125.5,1.1,0.3,-3.4
20170214153350931,-1,0,0,9,-12.3,-125.5,1.1,0.3,-3.4
20170214153350931,-1,0,0,9,-12.3,-125.5,1.1,0.3,-3.4
20170214153350931,-1,0,0,9,-12.3,-125.5,1.1,0.3,-3.4
20170214153350931,-1,0,0,9,-12.3,-125.5,1.1,0.3,-3.4
20170214153350931,-1,0,0,9,-12.3,-125.5,1.1,0.3,-3.4
20170214153350931,-1,0,0,9,-12.3,-125.5,1.1,0.3,-3.4
20170214153350931,-1,0,0,9,-12.3,-125.5,1.1,0.3,-3.4
20170214153351917,-1,0,0.1,8.4,-12.9,-124.3,1,0.4,-3.7
20170214153351917,-1,0,0.1,8.4,-12.9,-124.3,1,0.4,-3.7
20170214153351917,-1,0,0.1,8.4,-12.9,-124.3,1,0.4,-3.7
20170214153351917,-1,0,0.1,8.4,-12.9,-124.3,1,0.4,-3.7
20170214153351917,-1,0,0.1,8.4,-12.9,-124.3,1,0.4,-3.7
20170214153351917,-1,0,0.1,8.4,-12.9,-124.3,1,0.4,-3.7
20170214153351917,-1,0,0.1,8.4,-12.9,-124.3,1,0.4,-3.7
20170214153351917,-1,0,0.1,8.4,-12.9,-124.3,1,0.4,-3.7
20170214153351917,-1,0,0.1,8.4,-12.9,-124.3,1,0.4,-3.7
20170214153352911,-1,0,0.1,8.2,-11.7,-124,1.3,0.4,-3.4
20170214153352911,-1,0,0.1,8.2,-11.7,-124,1.3,0.4,-3.4
20170214153352911,-1,0,0.1,8.2,-11.7,-124,1.3,0.4,-3.4
20170214153352911,-1,0,0.1,8.2,-11.7,-124,1.3,0.4,-3.4
20170214153352911,-1,0,0.1,8.2,-11.7,-124,1.3,0.4,-3.4
20170214153352911,-1,0,0.1,8.2,-11.7,-124,1.3,0.4,-3.4
20170214153352911,-1,0,0.1,8.2,-11.7,-124,1.3,0.4,-3.4
20170214153352912,-1,0,0.1,8.2,-11.7,-124,1.3,0.4,-3.4
20170214153352912,-1,0,0.1,8.2,-11.7,-124,1.3,0.4,-3.4
20170214153353904,-1,0,0,8.1,-12.1,-123.8,2.2,0.3,-1.8
20170214153353904,-1,0,0,8.1,-12.1,-123.8,2.2,0.3,-1.8
20170214153353904,-1,0,0,8.1,-12.1,-123.8,2.2,0.3,-1.8
20170214153353904,-1,0,0,8.1,-12.1,-123.8,2.2,0.3,-1.8
20170214153353904,-1,0,0,8.1,-12.1,-123.8,2.2,0.3,-1.8
20170214153353904,-1,0,0,8.1,-12.1,-123.8,2.2,0.3,-1.8
20170214153353904,-1,0,0,8.1,-12.1,-123.8,2.2,0.3,-1.8
20170214153353904,-1,0,0,8.1,-12.1,-123.8,2.2,0.3,-1.8
20170214153353904,-1,0,0,8.1,-12.1,-123.8,2.2,0.3,-1.8
20170214153354898,-1,0,0,8.1,-13.2,-124.9,1.6,0.6,-3.9
20170214153354898,-1,0,0,8.1,-13.2,-124.9,1.6,0.6,-3.9
20170214153354898,-1,0,0,8.1,-13.2,-124.9,1.6,0.6,-3.9
20170214153354898,-1,0,0,8.1,-13.2,-124.9,1.6,0.6,-3.9
20170214153354898,-1,0,0,8.1,-13.2,-124.9,1.6,0.6,-3.9
20170214153354898,-1,0,0,8.1,-13.2,-124.9,1.6,0.6,-3.9
20170214153354898,-1,0,0,8.1,-13.2,-124.9,1.6,0.6,-3.9
20170214153354898,-1,0,0,8.1,-13.2,-124.9,1.6,0.6,-3.9
20170214153354898,-1,0,0,8.1,-13.2,-124.9,1.6,0.6,-3.9