Timestamp,AccelX,AccelY,AccelZ,MagX,MagY,MagZ,GyroX,GyroY,GyroZ
20170214174443581,0,0,-1,0,0,0,0,0,0
20170214174443583,0,0,-1,0,0,0,0,0,0
20170214174443583,0,0,-1,0,0,0,0,0,0
20170214174443583,0,0,-1,0,0,0,0,0,0
20170214174443583,0,0,-1,0,0,0,0,0,0
20170214174443583,0,0,-1,0,0,0,0,0,0
20170214174443583,0,0,-1,0,0,0,0,0,0
20170214174443583,0,0,-1,0,0,0,0,0,0
20170214174443583,0,0,-1,0,0,0,0,0,0
20170214174444574,0,0,-1,30.9,-59.2,-116.2,1,-2.3,-4.2
20170214174444574,0,0,-1,30.9,-59.2,-116.2,1,-2.3,-4.2
20170214174444575,0,0,-1,30.9,-59.2,-116.2,1,-2.3,-4.2
20170214174444575,0,0,-1,30.9,-59.2,-116.2,1,-2.3,-4.2
20170214174444575,0,0,-1,30.9,-59.2,-116.2,1,-2.3,-4.2
20170214174444575,0,0,-1,30.9,-59.2,-116.2,1,-2.3,-4.2
20170214174444575,0,0,-1,30.9,-59.2,-116.2,1,-2.3,-4.2
20170214174444575,0,0,-1,30.9,-59.2,-116.2,1,-2.3,-4.2
20170214174444575,0,0,-1,30.9,-59.2,-116.2,1,-2.3,-4.2
20170214174445568,-1,0.1,0,30.4,-59.8,-115.9,-2,-1,-3.6
20170214174445568,-1,0.1,0,30.4,-59.8,-115.9,-2,-1,-3.6
20170214174445568,-1,0.1,0,30.4,-59.8,-115.9,-2,-1,-3.6
20170214174445568,-1,0.1,0,30.4,-59.8,-115.9,-2,-1,-3.6
20170214174445568,-1,0.1,0,30.4,-59.8,-115.9,-2,-1,-3.6
20170214174445568,-1,0.1,0,30.4,-59.8,-115.9,-2,-1,-3.6
20170214174445568,-1,0.1,0,30.4,-59.8,-115.9,-2,-1,-3.6
20170214174445568,-1,0.1,0,30.4,-59.8,-115.9,-2,-1,-3.6
20170214174445568,-1,0.1,0,30.4,-59.8,-115.9,-2,-1,-3.6
20170214174446565,-1,0,0.1,30.1,-59.5,-116.2,-32.6,-40,-5.2
20170214174446565,-1,0,0.1,30.1,-59.5,-116.2,-32.6,-40,-5.2
20170214174446565,-1,0,0.1,30.1,-59.5,-116.2,-32.6,-40,-5.2
20170214174446565,-1,0,0.1,30.1,-59.5,-116.2,-32.6,-40,-5.2
20170214174446565,-1,0,0.1,30.1,-59.5,-116.2,-32.6,-40,-5.2
20170214174446565,-1,0,0.1,30.1,-59.5,-116.2,-32.6,-40,-5.2
20170214174446565,-1,0,0.1,30.1,-59.5,-116.2,-32.6,-40,-5.2
20170214174446565,-1,0,0.1,30.1,-59.5,-116.2,-32.6,-40,-5.2
20170214174446565,-1,0,0.1,30.1,-59.5,-116.2,-32.6,-40,-5.2
20170214174447555,-1,0,0,25.2,-24.4,-78.2,-1,-2.1,-1.7
20170214174447557,-1,0,0,25.2,-24.4,-78.2,-1,-2.1,-1.7
20170214174447557,-1,0,0,25.2,-24.4,-78.2,-1,-2.1,-1.7
20170214174447557,-1,0,0,25.2,-24.4,-78.2,-1,-2.1,-1.7
20170214174447557,-1,0,0,25.2,-24.4,-78.2,-1,-2.1,-1.7
20170214174447557,-1,0,0,25.2,-24.4,-78.2,-1,-2.1,-1.7
20170214174447557,-1,0,0,25.2,-24.4,-78.2,-1,-2.1,-1.7
20170214174447557,-1,0,0,25.2,-24.4,-78.2,-1,-2.1,-1.7
20170214174447558,-1,0,0,25.2,-24.4,-78.2,-1,-2.1,-1.7
20170214174448549,-1,0,0.1,25.9,-24.4,-73,-0.3,-0.7,-2.6
20170214174448549,-1,0,0.1,25.9,-24.4,-73,-0.3,-0.7,-2.6
20170214174448549,-1,0,0.1,25.9,-24.4,-73,-0.3,-0.7,-2.6
20170214174448549,-1,0,0.1,25.9,-24.4,-73,-0.3,-0.7,-2.6
20170214174448549,-1,0,0.1,25.9,-24.4,-73,-0.3,-0.7,-2.6
20170214174448549,-1,0,0.1,25.9,-24.4,-73,-0.3,-0.7,-2.6
20170214174448549,-1,0,0.1,25.9,-24.4,-73,-0.3,-0.7,-2.6
20170214174448549,-1,0,0.1,25.9,-24.4,-73,-0.3,-0.7,-2.6
20170214174448550,-1,0,0.1,25.9,-24.4,-73,-0.3,-0.7,-2.6
20170214174449741,-1,0,0,27,-24.7,-74.1,-2,-3.3,-2.5
20170214174449741,-1,0,0,27,-24.7,-74.1,-2,-3.3,-2.5
20170214174449741,-1,0,0,27,-24.7,-74.1,-2,-3.3,-2.5
20170214174449741,-1,0,0,27,-24.7,-74.1,-2,-3.3,-2.5
20170214174449741,-1,0,0,27,-24.7,-74.1,-2,-3.3,-2.5
20170214174449742,-1,0,0,27,-24.7,-74.1,-2,-3.3,-2.5
20170214174449742,-1,0,0,27,-24.7,-74.1,-2,-3.3,-2.5
20170214174449742,-1,0,0,27,-24.7,-74.1,-2,-3.3,-2.5
20170214174449742,-1,0,0,27,-24.7,-74.1,-2,-3.3,-2.5
20170214174450735,-0.9,0,0.1,24.4,-23.4,-72.7,-1.1,-2.6,-3.5
20170214174450736,-0.9,0,0.1,24.4,-23.4,-72.7,-1.1,-2.6,-3.5
20170214174450736,-0.9,0,0.1,24.4,-23.4,-72.7,-1.1,-2.6,-3.5
20170214174450736,-0.9,0,0.1,24.4,-23.4,-72.7,-1.1,-2.6,-3.5
20170214174450736,-0.9,0,0.1,24.4,-23.4,-72.7,-1.1,-2.6,-3.5
20170214174450736,-0.9,0,0.1,24.4,-23.4,-72.7,-1.1,-2.6,-3.5
20170214174450736,-0.9,0,0.1,24.4,-23.4,-72.7,-1.1,-2.6,-3.5
20170214174450736,-0.9,0,0.1,24.4,-23.4,-72.7,-1.1,-2.6,-3.5
20170214174450739,-0.9,0,0.1,24.4,-23.4,-72.7,-1.1,-2.6,-3.5
20170214174451732,-1,0,0,25.2,-24.4,-73.5,-0.8,-2.1,-2.7
20170214174451732,-1,0,0,25.2,-24.4,-73.5,-0.8,-2.1,-2.7
20170214174451732,-1,0,0,25.2,-24.4,-73.5,-0.8,-2.1,-2.7
20170214174451732,-1,0,0,25.2,-24.4,-73.5,-0.8,-2.1,-2.7
20170214174451732,-1,0,0,25.2,-24.4,-73.5,-0.8,-2.1,-2.7
20170214174451732,-1,0,0,25.2,-24.4,-73.5,-0.8,-2.1,-2.7
20170214174451732,-1,0,0,25.2,-24.4,-73.5,-0.8,-2.1,-2.7
20170214174451732,-1,0,0,25.2,-24.4,-73.5,-0.8,-2.1,-2.7
20170214174451732,-1,0,0,25.2,-24.4,-73.5,-0.8,-2.1,-2.7
20170214174452723,-0.9,0,0,26.2,-24.4,-74.5,-2.4,-2.1,-3.1
20170214174452723,-0.9,0,0,26.2,-24.4,-74.5,-2.4,-2.1,-3.1
20170214174452723,-0.9,0,0,26.2,-24.4,-74.5,-2.4,-2.1,-3.1
20170214174452723,-0.9,0,0,26.2,-24.4,-74.5,-2.4,-2.1,-3.1
20170214174452723,-0.9,0,0,26.2,-24.4,-74.5,-2.4,-2.1,-3.1
20170214174452723,-0.9,0,0,26.2,-24.4,-74.5,-2.4,-2.1,-3.1
20170214174452723,-0.9,0,0,26.2,-24.4,-74.5,-2.4,-2.1,-3.1
20170214174452723,-0.9,0,0,26.2,-24.4,-74.5,-2.4,-2.1,-3.1
20170214174452723,-0.9,0,0,26.2,-24.4,-74.5,-2.4,-2.1,-3.1
20170214174453716,-1,-0.1,0,25.6,-24.1,-72.7,-2.6,-2.4,-5
20170214174453725,-1,-0.1,0,25.6,-24.1,-72.7,-2.6,-2.4,-5
20170214174453725,-1,-0.1,0,25.6,-24.1,-72.7,-2.6,-2.4,-5
20170214174453725,-1,-0.1,0,25.6,-24.1,-72.7,-2.6,-2.4,-5
20170214174453725,-1,-0.1,0,25.6,-24.1,-72.7,-2.6,-2.4,-5
20170214174453725,-1,-0.1,0,25.6,-24.1,-72.7,-2.6,-2.4,-5
20170214174453727,-1,-0.1,0,25.6,-24.1,-72.7,-2.6,-2.4,-5
20170214174453727,-1,-0.1,0,25.6,-24.1,-72.7,-2.6,-2.4,-5
20170214174453727,-1,-0.1,0,25.6,-24.1,-72.7,-2.6,-2.4,-5
20170214174454711,-0.9,-0.1,0.1,24.4,-24.7,-73.5,-0.7,-1.2,-3.5
20170214174454711,-0.9,-0.1,0.1,24.4,-24.7,-73.5,-0.7,-1.2,-3.5
20170214174454711,-0.9,-0.1,0.1,24.4,-24.7,-73.5,-0.7,-1.2,-3.5
20170214174454711,-0.9,-0.1,0.1,24.4,-24.7,-73.5,-0.7,-1.2,-3.5
20170214174454711,-0.9,-0.1,0.1,24.4,-24.7,-73.5,-0.7,-1.2,-3.5
20170214174454711,-0.9,-0.1,0.1,24.4,-24.7,-73.5,-0.7,-1.2,-3.5
20170214174454712,-0.9,-0.1,0.1,24.4,-24.7,-73.5,-0.7,-1.2,-3.5
20170214174454712,-0.9,-0.1,0.1,24.4,-24.7,-73.5,-0.7,-1.2,-3.5
20170214174454713,-0.9,-0.1,0.1,24.4,-24.7,-73.5,-0.7,-1.2,-3.5
20170214174455704,-1,0,0,26.2,-24.4,-72.7,-2.9,-2.6,-3.9
20170214174455704,-1,0,0,26.2,-24.4,-72.7,-2.9,-2.6,-3.9
20170214174455704,-1,0,0,26.2,-24.4,-72.7,-2.9,-2.6,-3.9
20170214174455704,-1,0,0,26.2,-24.4,-72.7,-2.9,-2.6,-3.9
20170214174455704,-1,0,0,26.2,-24.4,-72.7,-2.9,-2.6,-3.9
20170214174455704,-1,0,0,26.2,-24.4,-72.7,-2.9,-2.6,-3.9
20170214174455704,-1,0,0,26.2,-24.4,-72.7,-2.9,-2.6,-3.9
20170214174455704,-1,0,0,26.2,-24.4,-72.7,-2.9,-2.6,-3.9
20170214174455704,-1,0,0,26.2,-24.4,-72.7,-2.9,-2.6,-3.9
20170214174456698,-1,0,0,24.9,-24.7,-72.4,-0.5,-2.2,-3.8
20170214174456698,-1,0,0,24.9,-24.7,-72.4,-0.5,-2.2,-3.8
20170214174456698,-1,0,0,24.9,-24.7,-72.4,-0.5,-2.2,-3.8
20170214174456698,-1,0,0,24.9,-24.7,-72.4,-0.5,-2.2,-3.8
20170214174456698,-1,0,0,24.9,-24.7,-72.4,-0.5,-2.2,-3.8
20170214174456698,-1,0,0,24.9,-24.7,-72.4,-0.5,-2.2,-3.8
20170214174456698,-1,0,0,24.9,-24.7,-72.4,-0.5,-2.2,-3.8
20170214174456698,-1,0,0,24.9,-24.7,-72.4,-0.5,-2.2,-3.8
20170214174456698,-1,0,0,24.9,-24.7,-72.4,-0.5,-2.2,-3.8
20170214174457692,-1,0.1,0,25.2,-24.7,-73.5,-1.3,-1.6,-3.4
20170214174457692,-1,0.1,0,25.2,-24.7,-73.5,-1.3,-1.6,-3.4
20170214174457692,-1,0.1,0,25.2,-24.7,-73.5,-1.3,-1.6,-3.4
20170214174457693,-1,0.1,0,25.2,-24.7,-73.5,-1.3,-1.6,-3.4
20170214174457693,-1,0.1,0,25.2,-24.7,-73.5,-1.3,-1.6,-3.4
20170214174457694,-1,0.1,0,25.2,-24.7,-73.5,-1.3,-1.6,-3.4
20170214174457695,-1,0.1,0,25.2,-24.7,-73.5,-1.3,-1.6,-3.4
20170214174457695,-1,0.1,0,25.2,-24.7,-73.5,-1.3,-1.6,-3.4
20170214174457695,-1,0.1,0,25.2,-24.7,-73.5,-1.3,-1.6,-3.4
20170214174458685,-1,0,0,25.3,-25,-71.8,-1.3,-3.7,-4.2
20170214174458686,-1,0,0,25.3,-25,-71.8,-1.3,-3.7,-4.2
20170214174458686,-1,0,0,25.3,-25,-71.8,-1.3,-3.7,-4.2
20170214174458686,-1,0,0,25.3,-25,-71.8,-1.3,-3.7,-4.2
20170214174458686,-1,0,0,25.3,-25,-71.8,-1.3,-3.7,-4.2
20170214174458686,-1,0,0,25.3,-25,-71.8,-1.3,-3.7,-4.2
20170214174458686,-1,0,0,25.3,-25,-71.8,-1.3,-3.7,-4.2
20170214174458686,-1,0,0,25.3,-25,-71.8,-1.3,-3.7,-4.2
20170214174458686,-1,0,0,25.3,-25,-71.8,-1.3,-3.7,-4.2
20170214174459679,-1.1,0.1,0,26.1,-25,-72.9,-2.4,-1.6,-4.1
20170214174459679,-1.1,0.1,0,26.1,-25,-72.9,-2.4,-1.6,-4.1
20170214174459679,-1.1,0.1,0,26.1,-25,-72.9,-2.4,-1.6,-4.1
20170214174459679,-1.1,0.1,0,26.1,-25,-72.9,-2.4,-1.6,-4.1
20170214174459679,-1.1,0.1,0,26.1,-25,-72.9,-2.4,-1.6,-4.1
20170214174459679,-1.1,0.1,0,26.1,-25,-72.9,-2.4,-1.6,-4.1
20170214174459679,-1.1,0.1,0,26.1,-25,-72.9,-2.4,-1.6,-4.1
20170214174459679,-1.1,0.1,0,26.1,-25,-72.9,-2.4,-1.6,-4.1
20170214174459679,-1.1,0.1,0,26.1,-25,-72.9,-2.4,-1.6,-4.1
20170214174500673,-1.1,0.1,0.1,25.2,-23.7,-73.5,-0.9,-2.9,-4.2
20170214174500673,-1.1,0.1,0.1,25.2,-23.7,-73.5,-0.9,-2.9,-4.2
20170214174500673,-1.1,0.1,0.1,25.2,-23.7,-73.5,-0.9,-2.9,-4.2
20170214174500673,-1.1,0.1,0.1,25.2,-23.7,-73.5,-0.9,-2.9,-4.2
20170214174500673,-1.1,0.1,0.1,25.2,-23.7,-73.5,-0.9,-2.9,-4.2
20170214174500673,-1.1,0.1,0.1,25.2,-23.7,-73.5,-0.9,-2.9,-4.2
20170214174500673,-1.1,0.1,0.1,25.2,-23.7,-73.5,-0.9,-2.9,-4.2
20170214174500673,-1.1,0.1,0.1,25.2,-23.7,-73.5,-0.9,-2.9,-4.2
20170214174500673,-1.1,0.1,0.1,25.2,-23.7,-73.5,-0.9,-2.9,-4.2
20170214174501667,-1,0,0.1,24.7,-23.5,-72.9,-1.8,-1.7,-2.9
20170214174501667,-1,0,0.1,24.7,-23.5,-72.9,-1.8,-1.7,-2.9
20170214174501667,-1,0,0.1,24.7,-23.5,-72.9,-1.8,-1.7,-2.9
20170214174501667,-1,0,0.1,24.7,-23.5,-72.9,-1.8,-1.7,-2.9
20170214174501667,-1,0,0.1,24.7,-23.5,-72.9,-1.8,-1.7,-2.9
20170214174501667,-1,0,0.1,24.7,-23.5,-72.9,-1.8,-1.7,-2.9
20170214174501667,-1,0,0.1,24.7,-23.5,-72.9,-1.8,-1.7,-2.9
20170214174501667,-1,0,0.1,24.7,-23.5,-72.9,-1.8,-1.7,-2.9
20170214174501667,-1,0,0.1,24.7,-23.5,-72.9,-1.8,-1.7,-2.9
20170214174502660,-0.9,0,0.1,24.9,-22.9,-74.1,-0.4,-1,-4.1
20170214174502660,-0.9,0,0.1,24.9,-22.9,-74.1,-0.4,-1,-4.1
20170214174502660,-0.9,0,0.1,24.9,-22.9,-74.1,-0.4,-1,-4.1
20170214174502660,-0.9,0,0.1,24.9,-22.9,-74.1,-0.4,-1,-4.1
20170214174502660,-0.9,0,0.1,24.9,-22.9,-74.1,-0.4,-1,-4.1
20170214174502660,-0.9,0,0.1,24.9,-22.9,-74.1,-0.4,-1,-4.1
20170214174502660,-0.9,0,0.1,24.9,-22.9,-74.1,-0.4,-1,-4.1
20170214174502660,-0.9,0,0.1,24.9,-22.9,-74.1,-0.4,-1,-4.1
20170214174502660,-0.9,0,0.1,24.9,-22.9,-74.1,-0.4,-1,-4.1
20170214174503654,-1,0,0.1,25.9,-22.9,-73.8,-1.1,-3,-4.4
20170214174503654,-1,0,0.1,25.9,-22.9,-73.8,-1.1,-3,-4.4
20170214174503654,-1,0,0.1,25.9,-22.9,-73.8,-1.1,-3,-4.4
20170214174503654,-1,0,0.1,25.9,-22.9,-73.8,-1.1,-3,-4.4
20170214174503654,-1,0,0.1,25.9,-22.9,-73.8,-1.1,-3,-4.4
20170214174503654,-1,0,0.1,25.9,-22.9,-73.8,-1.1,-3,-4.4
20170214174503654,-1,0,0.1,25.9,-22.9,-73.8,-1.1,-3,-4.4
20170214174503654,-1,0,0.1,25.9,-22.9,-73.8,-1.1,-3,-4.4
20170214174503654,-1,0,0.1,25.9,-22.9,-73.8,-1.1,-3,-4.4
20170214174504648,-0.9,0,0,24.9,-24.7,-72.7,0.1,-1.6,-3.4
20170214174504648,-0.9,0,0,24.9,-24.7,-72.7,0.1,-1.6,-3.4
20170214174504648,-0.9,0,0,24.9,-24.7,-72.7,0.1,-1.6,-3.4
20170214174504648,-0.9,0,0,24.9,-24.7,-72.7,0.1,-1.6,-3.4
20170214174504648,-0.9,0,0,24.9,-24.7,-72.7,0.1,-1.6,-3.4
20170214174504648,-0.9,0,0,24.9,-24.7,-72.7,0.1,-1.6,-3.4
20170214174504648,-0.9,0,0,24.9,-24.7,-72.7,0.1,-1.6,-3.4
20170214174504648,-0.9,0,0,24.9,-24.7,-72.7,0.1,-1.6,-3.4
20170214174504648,-0.9,0,0,24.9,-24.7,-72.7,0.1,-1.6,-3.4
20170214174505642,-1,0,0,25.8,-26.1,-73.6,0,-1.1,-5.6
20170214174505642,-1,0,0,25.8,-26.1,-73.6,0,-1.1,-5.6
20170214174505642,-1,0,0,25.8,-26.1,-73.6,0,-1.1,-5.6
20170214174505642,-1,0,0,25.8,-26.1,-73.6,0,-1.1,-5.6
20170214174505642,-1,0,0,25.8,-26.1,-73.6,0,-1.1,-5.6
20170214174505642,-1,0,0,25.8,-26.1,-73.6,0,-1.1,-5.6
20170214174505642,-1,0,0,25.8,-26.1,-73.6,0,-1.1,-5.6
20170214174505642,-1,0,0,25.8,-26.1,-73.6,0,-1.1,-5.6
20170214174505642,-1,0,0,25.8,-26.1,-73.6,0,-1.1,-5.6
20170214174506635,-1,0,0,25.3,-23.5,-73.9,-0.3,-3.3,-5
20170214174506635,-1,0,0,25.3,-23.5,-73.9,-0.3,-3.3,-5
20170214174506635,-1,0,0,25.3,-23.5,-73.9,-0.3,-3.3,-5
20170214174506635,-1,0,0,25.3,-23.5,-73.9,-0.3,-3.3,-5
20170214174506635,-1,0,0,25.3,-23.5,-73.9,-0.3,-3.3,-5
20170214174506635,-1,0,0,25.3,-23.5,-73.9,-0.3,-3.3,-5
20170214174506635,-1,0,0,25.3,-23.5,-73.9,-0.3,-3.3,-5
20170214174506635,-1,0,0,25.3,-23.5,-73.9,-0.3,-3.3,-5
20170214174506636,-1,0,0,25.3,-23.5,-73.9,-0.3,-3.3,-5
20170214174507629,-1,0,0.1,24.1,-24.7,-72.1,-2.5,-1.2,-2.7
20170214174507629,-1,0,0.1,24.1,-24.7,-72.1,-2.5,-1.2,-2.7
20170214174507629,-1,0,0.1,24.1,-24.7,-72.1,-2.5,-1.2,-2.7
20170214174507629,-1,0,0.1,24.1,-24.7,-72.1,-2.5,-1.2,-2.7
20170214174507629,-1,0,0.1,24.1,-24.7,-72.1,-2.5,-1.2,-2.7
20170214174507629,-1,0,0.1,24.1,-24.7,-72.1,-2.5,-1.2,-2.7
20170214174507629,-1,0,0.1,24.1,-24.7,-72.1,-2.5,-1.2,-2.7
20170214174507629,-1,0,0.1,24.1,-24.7,-72.1,-2.5,-1.2,-2.7
20170214174507629,-1,0,0.1,24.1,-24.7,-72.1,-2.5,-1.2,-2.7
20170214174508623,-0.9,0,0,24.7,-24.3,-73.6,-1.9,-1.5,-4.1
20170214174508623,-0.9,0,0,24.7,-24.3,-73.6,-1.9,-1.5,-4.1
20170214174508623,-0.9,0,0,24.7,-24.3,-73.6,-1.9,-1.5,-4.1
20170214174508623,-0.9,0,0,24.7,-24.3,-73.6,-1.9,-1.5,-4.1
20170214174508623,-0.9,0,0,24.7,-24.3,-73.6,-1.9,-1.5,-4.1
20170214174508623,-0.9,0,0,24.7,-24.3,-73.6,-1.9,-1.5,-4.1
20170214174508623,-0.9,0,0,24.7,-24.3,-73.6,-1.9,-1.5,-4.1
20170214174508623,-0.9,0,0,24.7,-24.3,-73.6,-1.9,-1.5,-4.1
20170214174508623,-0.9,0,0,24.7,-24.3,-73.6,-1.9,-1.5,-4.1
20170214174509616,-0.9,0,0,25,-25.3,-72.6,-1.9,-2.9,-3.6
20170214174509616,-0.9,0,0,25,-25.3,-72.6,-1.9,-2.9,-3.6
20170214174509616,-0.9,0,0,25,-25.3,-72.6,-1.9,-2.9,-3.6
20170214174509616,-0.9,0,0,25,-25.3,-72.6,-1.9,-2.9,-3.6
20170214174509617,-0.9,0,0,25,-25.3,-72.6,-1.9,-2.9,-3.6
20170214174509617,-0.9,0,0,25,-25.3,-72.6,-1.9,-2.9,-3.6
20170214174509617,-0.9,0,0,25,-25.3,-72.6,-1.9,-2.9,-3.6
20170214174509617,-0.9,0,0,25,-25.3,-72.6,-1.9,-2.9,-3.6
20170214174509617,-0.9,0,0,25,-25.3,-72.6,-1.9,-2.9,-3.6
20170214174510610,-1,0,0.1,26.2,-23.7,-74.1,0,-2,-4.6
20170214174510610,-1,0,0.1,26.2,-23.7,-74.1,0,-2,-4.6
20170214174510610,-1,0,0.1,26.2,-23.7,-74.1,0,-2,-4.6
20170214174510610,-1,0,0.1,26.2,-23.7,-74.1,0,-2,-4.6
20170214174510610,-1,0,0.1,26.2,-23.7,-74.1,0,-2,-4.6
20170214174510610,-1,0,0.1,26.2,-23.7,-74.1,0,-2,-4.6
20170214174510610,-1,0,0.1,26.2,-23.7,-74.1,0,-2,-4.6
20170214174510610,-1,0,0.1,26.2,-23.7,-74.1,0,-2,-4.6
20170214174510610,-1,0,0.1,26.2,-23.7,-74.1,0,-2,-4.6
20170214174511604,-1,0,0.1,25,-23.8,-74.7,-1,-2.2,-4.6
20170214174511604,-1,0,0.1,25,-23.8,-74.7,-1,-2.2,-4.6
20170214174511604,-1,0,0.1,25,-23.8,-74.7,-1,-2.2,-4.6
20170214174511604,-1,0,0.1,25,-23.8,-74.7,-1,-2.2,-4.6
20170214174511604,-1,0,0.1,25,-23.8,-74.7,-1,-2.2,-4.6
20170214174511604,-1,0,0.1,25,-23.8,-74.7,-1,-2.2,-4.6
20170214174511604,-1,0,0.1,25,-23.8,-74.7,-1,-2.2,-4.6
20170214174511604,-1,0,0.1,25,-23.8,-74.7,-1,-2.2,-4.6
20170214174511604,-1,0,0.1,25,-23.8,-74.7,-1,-2.2,-4.6
20170214174512796,-0.9,0,0.1,24.7,-25.6,-74.2,-0.8,-2.2,-5
20170214174512796,-0.9,0,0.1,24.7,-25.6,-74.2,-0.8,-2.2,-5
20170214174512796,-0.9,0,0.1,24.7,-25.6,-74.2,-0.8,-2.2,-5
20170214174512797,-0.9,0,0.1,24.7,-25.6,-74.2,-0.8,-2.2,-5
20170214174512797,-0.9,0,0.1,24.7,-25.6,-74.2,-0.8,-2.2,-5
20170214174512797,-0.9,0,0.1,24.7,-25.6,-74.2,-0.8,-2.2,-5
20170214174512797,-0.9,0,0.1,24.7,-25.6,-74.2,-0.8,-2.2,-5
20170214174512797,-0.9,0,0.1,24.7,-25.6,-74.2,-0.8,-2.2,-5
20170214174512797,-0.9,0,0.1,24.7,-25.6,-74.2,-0.8,-2.2,-5
20170214174513591,-1,0,0.1,24.3,-22.8,-72.6,-1.3,-2.8,-3.4
20170214174513591,-1,0,0.1,24.3,-22.8,-72.6,-1.3,-2.8,-3.4
20170214174513591,-1,0,0.1,24.3,-22.8,-72.6,-1.3,-2.8,-3.4
20170214174513591,-1,0,0.1,24.3,-22.8,-72.6,-1.3,-2.8,-3.4
20170214174513591,-1,0,0.1,24.3,-22.8,-72.6,-1.3,-2.8,-3.4
20170214174513592,-1,0,0.1,24.3,-22.8,-72.6,-1.3,-2.8,-3.4
20170214174513592,-1,0,0.1,24.3,-22.8,-72.6,-1.3,-2.8,-3.4
20170214174513592,-1,0,0.1,24.3,-22.8,-72.6,-1.3,-2.8,-3.4
20170214174513592,-1,0,0.1,24.3,-22.8,-72.6,-1.3,-2.8,-3.4
20170214174514585,-1,0,0.1,25.3,-24.3,-73.9,-2.3,-3.4,-4
20170214174514585,-1,0,0.1,25.3,-24.3,-73.9,-2.3,-3.4,-4
20170214174514585,-1,0,0.1,25.3,-24.3,-73.9,-2.3,-3.4,-4
20170214174514585,-1,0,0.1,25.3,-24.3,-73.9,-2.3,-3.4,-4
20170214174514586,-1,0,0.1,25.3,-24.3,-73.9,-2.3,-3.4,-4
20170214174514586,-1,0,0.1,25.3,-24.3,-73.9,-2.3,-3.4,-4
20170214174514586,-1,0,0.1,25.3,-24.3,-73.9,-2.3,-3.4,-4
20170214174514586,-1,0,0.1,25.3,-24.3,-73.9,-2.3,-3.4,-4
20170214174514586,-1,0,0.1,25.3,-24.3,-73.9,-2.3,-3.4,-4
20170214174515579,-1,0.1,0,25.6,-24.1,-73,-1.3,-2.5,-4.1
20170214174515579,-1,0.1,0,25.6,-24.1,-73,-1.3,-2.5,-4.1
20170214174515579,-1,0.1,0,25.6,-24.1,-73,-1.3,-2.5,-4.1
20170214174515579,-1,0.1,0,25.6,-24.1,-73,-1.3,-2.5,-4.1
20170214174515579,-1,0.1,0,25.6,-24.1,-73,-1.3,-2.5,-4.1
20170214174515579,-1,0.1,0,25.6,-24.1,-73,-1.3,-2.5,-4.1
20170214174515579,-1,0.1,0,25.6,-24.1,-73,-1.3,-2.5,-4.1
20170214174515579,-1,0.1,0,25.6,-24.1,-73,-1.3,-2.5,-4.1
20170214174515579,-1,0.1,0,25.6,-24.1,-73,-1.3,-2.5,-4.1
20170214174516573,-1,0.1,0,25.6,-23.4,-72.7,1.3,-2.8,-4.1
20170214174516573,-1,0.1,0,25.6,-23.4,-72.7,1.3,-2.8,-4.1
20170214174516573,-1,0.1,0,25.6,-23.4,-72.7,1.3,-2.8,-4.1
20170214174516573,-1,0.1,0,25.6,-23.4,-72.7,1.3,-2.8,-4.1
20170214174516573,-1,0.1,0,25.6,-23.4,-72.7,1.3,-2.8,-4.1
20170214174516573,-1,0.1,0,25.6,-23.4,-72.7,1.3,-2.8,-4.1
20170214174516573,-1,0.1,0,25.6,-23.4,-72.7,1.3,-2.8,-4.1
20170214174516573,-1,0.1,0,25.6,-23.4,-72.7,1.3,-2.8,-4.1
20170214174516573,-1,0.1,0,25.6,-23.4,-72.7,1.3,-2.8,-4.1
20170214174517566,-1,0,0.1,24.9,-24.7,-73.8,0.5,-0.8,-4.1
20170214174517566,-1,0,0.1,24.9,-24.7,-73.8,0.5,-0.8,-4.1
20170214174517566,-1,0,0.1,24.9,-24.7,-73.8,0.5,-0.8,-4.1
20170214174517566,-1,0,0.1,24.9,-24.7,-73.8,0.5,-0.8,-4.1
20170214174517566,-1,0,0.1,24.9,-24.7,-73.8,0.5,-0.8,-4.1
20170214174517567,-1,0,0.1,24.9,-24.7,-73.8,0.5,-0.8,-4.1
20170214174517567,-1,0,0.1,24.9,-24.7,-73.8,0.5,-0.8,-4.1
20170214174517567,-1,0,0.1,24.9,-24.7,-73.8,0.5,-0.8,-4.1
20170214174517567,-1,0,0.1,24.9,-24.7,-73.8,0.5,-0.8,-4.1
20170214174518560,-1,0,0,24.7,-24.6,-72.6,-1.6,-3.3,-4
20170214174518560,-1,0,0,24.7,-24.6,-72.6,-1.6,-3.3,-4
20170214174518560,-1,0,0,24.7,-24.6,-72.6,-1.6,-3.3,-4
20170214174518560,-1,0,0,24.7,-24.6,-72.6,-1.6,-3.3,-4
20170214174518560,-1,0,0,24.7,-24.6,-72.6,-1.6,-3.3,-4
20170214174518560,-1,0,0,24.7,-24.6,-72.6,-1.6,-3.3,-4
20170214174518560,-1,0,0,24.7,-24.6,-72.6,-1.6,-3.3,-4
20170214174518560,-1,0,0,24.7,-24.6,-72.6,-1.6,-3.3,-4
20170214174518560,-1,0,0,24.7,-24.6,-72.6,-1.6,-3.3,-4
20170214174519554,-1,0,0,25.9,-22.9,-73.8,0.5,-2.6,-4.1
20170214174519554,-1,0,0,25.9,-22.9,-73.8,0.5,-2.6,-4.1
20170214174519554,-1,0,0,25.9,-22.9,-73.8,0.5,-2.6,-4.1
20170214174519555,-1,0,0,25.9,-22.9,-73.8,0.5,-2.6,-4.1
20170214174519555,-1,0,0,25.9,-22.9,-73.8,0.5,-2.6,-4.1
20170214174519555,-1,0,0,25.9,-22.9,-73.8,0.5,-2.6,-4.1
20170214174519555,-1,0,0,25.9,-22.9,-73.8,0.5,-2.6,-4.1
20170214174519555,-1,0,0,25.9,-22.9,-73.8,0.5,-2.6,-4.1
20170214174519555,-1,0,0,25.9,-22.9,-73.8,0.5,-2.6,-4.1
20170214174520548,-1,0,0,25.6,-24.4,-74.5,-1.6,-2.4,-5
20170214174520549,-1,0,0,25.6,-24.4,-74.5,-1.6,-2.4,-5
20170214174520549,-1,0,0,25.6,-24.4,-74.5,-1.6,-2.4,-5
20170214174520549,-1,0,0,25.6,-24.4,-74.5,-1.6,-2.4,-5
20170214174520549,-1,0,0,25.6,-24.4,-74.5,-1.6,-2.4,-5
20170214174520549,-1,0,0,25.6,-24.4,-74.5,-1.6,-2.4,-5
20170214174520549,-1,0,0,25.6,-24.4,-74.5,-1.6,-2.4,-5
20170214174520549,-1,0,0,25.6,-24.4,-74.5,-1.6,-2.4,-5
20170214174520549,-1,0,0,25.6,-24.4,-74.5,-1.6,-2.4,-5
20170214174521740,-1,0,0.1,24.4,-23.7,-73.8,-1.4,-1.5,-5
20170214174521740,-1,0,0.1,24.4,-23.7,-73.8,-1.4,-1.5,-5
20170214174521740,-1,0,0.1,24.4,-23.7,-73.8,-1.4,-1.5,-5
20170214174521740,-1,0,0.1,24.4,-23.7,-73.8,-1.4,-1.5,-5
20170214174521741,-1,0,0.1,24.4,-23.7,-73.8,-1.4,-1.5,-5
20170214174521741,-1,0,0.1,24.4,-23.7,-73.8,-1.4,-1.5,-5
20170214174521741,-1,0,0.1,24.4,-23.7,-73.8,-1.4,-1.5,-5
20170214174521741,-1,0,0.1,24.4,-23.7,-73.8,-1.4,-1.5,-5
20170214174521741,-1,0,0.1,24.4,-23.7,-73.8,-1.4,-1.5,-5
20170214174522734,-1,0.1,0.1,25.2,-23.4,-73,-1,-2,-3.8
20170214174522734,-1,0.1,0.1,25.2,-23.4,-73,-1,-2,-3.8
20170214174522734,-1,0.1,0.1,25.2,-23.4,-73,-1,-2,-3.8
20170214174522734,-1,0.1,0.1,25.2,-23.4,-73,-1,-2,-3.8
20170214174522734,-1,0.1,0.1,25.2,-23.4,-73,-1,-2,-3.8
20170214174522734,-1,0.1,0.1,25.2,-23.4,-73,-1,-2,-3.8
20170214174522734,-1,0.1,0.1,25.2,-23.4,-73,-1,-2,-3.8
20170214174522734,-1,0.1,0.1,25.2,-23.4,-73,-1,-2,-3.8
20170214174522734,-1,0.1,0.1,25.2,-23.4,-73,-1,-2,-3.8
20170214174523727,-1,0,0,23.5,-23.8,-72.9,-0.3,-2.7,-4.5
20170214174523728,-1,0,0,23.5,-23.8,-72.9,-0.3,-2.7,-4.5
20170214174523728,-1,0,0,23.5,-23.8,-72.9,-0.3,-2.7,-4.5
20170214174523728,-1,0,0,23.5,-23.8,-72.9,-0.3,-2.7,-4.5
20170214174523728,-1,0,0,23.5,-23.8,-72.9,-0.3,-2.7,-4.5
20170214174523728,-1,0,0,23.5,-23.8,-72.9,-0.3,-2.7,-4.5
20170214174523728,-1,0,0,23.5,-23.8,-72.9,-0.3,-2.7,-4.5
20170214174523728,-1,0,0,23.5,-23.8,-72.9,-0.3,-2.7,-4.5
20170214174523728,-1,0,0,23.5,-23.8,-72.9,-0.3,-2.7,-4.5
20170214174524721,-1,0.1,0.1,25.3,-24.3,-72.9,-0.5,-2.6,-4.5
20170214174524721,-1,0.1,0.1,25.3,-24.3,-72.9,-0.5,-2.6,-4.5
20170214174524721,-1,0.1,0.1,25.3,-24.3,-72.9,-0.5,-2.6,-4.5
20170214174524722,-1,0.1,0.1,25.3,-24.3,-72.9,-0.5,-2.6,-4.5
20170214174524722,-1,0.1,0.1,25.3,-24.3,-72.9,-0.5,-2.6,-4.5
20170214174524722,-1,0.1,0.1,25.3,-24.3,-72.9,-0.5,-2.6,-4.5
20170214174524722,-1,0.1,0.1,25.3,-24.3,-72.9,-0.5,-2.6,-4.5
20170214174524722,-1,0.1,0.1,25.3,-24.3,-72.9,-0.5,-2.6,-4.5
20170214174524722,-1,0.1,0.1,25.3,-24.3,-72.9,-0.5,-2.6,-4.5
20170214174525715,-1,0.1,0.1,25.2,-24.7,-73.5,-0.4,-2.4,-4.2
20170214174525715,-1,0.1,0.1,25.2,-24.7,-73.5,-0.4,-2.4,-4.2
20170214174525715,-1,0.1,0.1,25.2,-24.7,-73.5,-0.4,-2.4,-4.2
20170214174525715,-1,0.1,0.1,25.2,-24.7,-73.5,-0.4,-2.4,-4.2
20170214174525715,-1,0.1,0.1,25.2,-24.7,-73.5,-0.4,-2.4,-4.2
20170214174525715,-1,0.1,0.1,25.2,-24.7,-73.5,-0.4,-2.4,-4.2
20170214174525715,-1,0.1,0.1,25.2,-24.7,-73.5,-0.4,-2.4,-4.2
20170214174525715,-1,0.1,0.1,25.2,-24.7,-73.5,-0.4,-2.4,-4.2
20170214174525715,-1,0.1,0.1,25.2,-24.7,-73.5,-0.4,-2.4,-4.2
20170214174526709,-1,0,0.1,26.7,-23.7,-73,0,-3.7,-4.2
20170214174526709,-1,0,0.1,26.7,-23.7,-73,0,-3.7,-4.2
20170214174526710,-1,0,0.1,26.7,-23.7,-73,0,-3.7,-4.2
20170214174526710,-1,0,0.1,26.7,-23.7,-73,0,-3.7,-4.2
20170214174526710,-1,0,0.1,26.7,-23.7,-73,0,-3.7,-4.2
20170214174526710,-1,0,0.1,26.7,-23.7,-73,0,-3.7,-4.2
20170214174526712,-1,0,0.1,26.7,-23.7,-73,0,-3.7,-4.2
20170214174526712,-1,0,0.1,26.7,-23.7,-73,0,-3.7,-4.2
20170214174526712,-1,0,0.1,26.7,-23.7,-73,0,-3.7,-4.2
20170214174527703,-1,0,0.1,25.2,-24.4,-73.5,0.6,-1.9,-3.2
20170214174527703,-1,0,0.1,25.2,-24.4,-73.5,0.6,-1.9,-3.2
20170214174527703,-1,0,0.1,25.2,-24.4,-73.5,0.6,-1.9,-3.2
20170214174527703,-1,0,0.1,25.2,-24.4,-73.5,0.6,-1.9,-3.2
20170214174527703,-1,0,0.1,25.2,-24.4,-73.5,0.6,-1.9,-3.2
20170214174527703,-1,0,0.1,25.2,-24.4,-73.5,0.6,-1.9,-3.2
20170214174527703,-1,0,0.1,25.2,-24.4,-73.5,0.6,-1.9,-3.2
20170214174527703,-1,0,0.1,25.2,-24.4,-73.5,0.6,-1.9,-3.2
20170214174527703,-1,0,0.1,25.2,-24.4,-73.5,0.6,-1.9,-3.2
20170214174528696,-1,0,0,25.3,-24.6,-73.9,-1.4,-1.4,-2.3
20170214174528697,-1,0,0,25.3,-24.6,-73.9,-1.4,-1.4,-2.3
20170214174528697,-1,0,0,25.3,-24.6,-73.9,-1.4,-1.4,-2.3
20170214174528697,-1,0,0,25.3,-24.6,-73.9,-1.4,-1.4,-2.3
20170214174528697,-1,0,0,25.3,-24.6,-73.9,-1.4,-1.4,-2.3
20170214174528697,-1,0,0,25.3,-24.6,-73.9,-1.4,-1.4,-2.3
20170214174528697,-1,0,0,25.3,-24.6,-73.9,-1.4,-1.4,-2.3
20170214174528697,-1,0,0,25.3,-24.6,-73.9,-1.4,-1.4,-2.3
20170214174528697,-1,0,0,25.3,-24.6,-73.9,-1.4,-1.4,-2.3
20170214174529690,-1,0,0.1,25.8,-25,-72.6,-0.9,-3.1,-3.5
20170214174529690,-1,0,0.1,25.8,-25,-72.6,-0.9,-3.1,-3.5
20170214174529690,-1,0,0.1,25.8,-25,-72.6,-0.9,-3.1,-3.5
20170214174529690,-1,0,0.1,25.8,-25,-72.6,-0.9,-3.1,-3.5
20170214174529690,-1,0,0.1,25.8,-25,-72.6,-0.9,-3.1,-3.5
20170214174529690,-1,0,0.1,25.8,-25,-72.6,-0.9,-3.1,-3.5
20170214174529690,-1,0,0.1,25.8,-25,-72.6,-0.9,-3.1,-3.5
20170214174529691,-1,0,0.1,25.8,-25,-72.6,-0.9,-3.1,-3.5
20170214174529691,-1,0,0.1,25.8,-25,-72.6,-0.9,-3.1,-3.5
20170214174530684,-0.9,-0.1,0,23.4,-24.4,-73.5,-1.7,-2.5,-4.9
20170214174530684,-0.9,-0.1,0,23.4,-24.4,-73.5,-1.7,-2.5,-4.9
20170214174530684,-0.9,-0.1,0,23.4,-24.4,-73.5,-1.7,-2.5,-4.9
20170214174530684,-0.9,-0.1,0,23.4,-24.4,-73.5,-1.7,-2.5,-4.9
20170214174530684,-0.9,-0.1,0,23.4,-24.4,-73.5,-1.7,-2.5,-4.9
20170214174530684,-0.9,-0.1,0,23.4,-24.4,-73.5,-1.7,-2.5,-4.9
20170214174530684,-0.9,-0.1,0,23.4,-24.4,-73.5,-1.7,-2.5,-4.9
20170214174530684,-0.9,-0.1,0,23.4,-24.4,-73.5,-1.7,-2.5,-4.9
20170214174530684,-0.9,-0.1,0,23.4,-24.4,-73.5,-1.7,-2.5,-4.9
20170214174531678,-1,0,0.1,26.2,-25.5,-72.7,-1.5,-2.5,-4.4
20170214174531678,-1,0,0.1,26.2,-25.5,-72.7,-1.5,-2.5,-4.4
20170214174531678,-1,0,0.1,26.2,-25.5,-72.7,-1.5,-2.5,-4.4
20170214174531678,-1,0,0.1,26.2,-25.5,-72.7,-1.5,-2.5,-4.4
20170214174531678,-1,0,0.1,26.2,-25.5,-72.7,-1.5,-2.5,-4.4
20170214174531678,-1,0,0.1,26.2,-25.5,-72.7,-1.5,-2.5,-4.4
20170214174531678,-1,0,0.1,26.2,-25.5,-72.7,-1.5,-2.5,-4.4
20170214174531678,-1,0,0.1,26.2,-25.5,-72.7,-1.5,-2.5,-4.4
20170214174531678,-1,0,0.1,26.2,-25.5,-72.7,-1.5,-2.5,-4.4
20170214174532672,-1,0,0,25.8,-23.5,-72.9,-0.6,-3.3,-4.7
20170214174532672,-1,0,0,25.8,-23.5,-72.9,-0.6,-3.3,-4.7
20170214174532672,-1,0,0,25.8,-23.5,-72.9,-0.6,-3.3,-4.7
20170214174532672,-1,0,0,25.8,-23.5,-72.9,-0.6,-3.3,-4.7
20170214174532672,-1,0,0,25.8,-23.5,-72.9,-0.6,-3.3,-4.7
20170214174532672,-1,0,0,25.8,-23.5,-72.9,-0.6,-3.3,-4.7
20170214174532673,-1,0,0,25.8,-23.5,-72.9,-0.6,-3.3,-4.7
20170214174532673,-1,0,0,25.8,-23.5,-72.9,-0.6,-3.3,-4.7
20170214174532673,-1,0,0,25.8,-23.5,-72.9,-0.6,-3.3,-4.7
20170214174533665,-1,0,0.1,25.9,-23.7,-73.8,-1.7,-3.3,-4.3
20170214174533665,-1,0,0.1,25.9,-23.7,-73.8,-1.7,-3.3,-4.3
20170214174533665,-1,0,0.1,25.9,-23.7,-73.8,-1.7,-3.3,-4.3
20170214174533665,-1,0,0.1,25.9,-23.7,-73.8,-1.7,-3.3,-4.3
20170214174533665,-1,0,0.1,25.9,-23.7,-73.8,-1.7,-3.3,-4.3
20170214174533666,-1,0,0.1,25.9,-23.7,-73.8,-1.7,-3.3,-4.3
20170214174533666,-1,0,0.1,25.9,-23.7,-73.8,-1.7,-3.3,-4.3
20170214174533666,-1,0,0.1,25.9,-23.7,-73.8,-1.7,-3.3,-4.3
20170214174533666,-1,0,0.1,25.9,-23.7,-73.8,-1.7,-3.3,-4.3
20170214174534659,-1,0.1,0.1,25.8,-24.3,-73.6,0.3,-2.3,-5.2
20170214174534659,-1,0.1,0.1,25.8,-24.3,-73.6,0.3,-2.3,-5.2
20170214174534659,-1,0.1,0.1,25.8,-24.3,-73.6,0.3,-2.3,-5.2
20170214174534659,-1,0.1,0.1,25.8,-24.3,-73.6,0.3,-2.3,-5.2
20170214174534659,-1,0.1,0.1,25.8,-24.3,-73.6,0.3,-2.3,-5.2
20170214174534659,-1,0.1,0.1,25.8,-24.3,-73.6,0.3,-2.3,-5.2
20170214174534659,-1,0.1,0.1,25.8,-24.3,-73.6,0.3,-2.3,-5.2
20170214174534659,-1,0.1,0.1,25.8,-24.3,-73.6,0.3,-2.3,-5.2
20170214174534659,-1,0.1,0.1,25.8,-24.3,-73.6,0.3,-2.3,-5.2
20170214174535851,-1,0,0,24.7,-23.5,-73.6,-0.6,-1.8,-4.4
20170214174535851,-1,0,0,24.7,-23.5,-73.6,-0.6,-1.8,-4.4
20170214174535851,-1,0,0,24.7,-23.5,-73.6,-0.6,-1.8,-4.4
20170214174535851,-1,0,0,24.7,-23.5,-73.6,-0.6,-1.8,-4.4
20170214174535851,-1,0,0,24.7,-23.5,-73.6,-0.6,-1.8,-4.4
20170214174535851,-1,0,0,24.7,-23.5,-73.6,-0.6,-1.8,-4.4
20170214174535851,-1,0,0,24.7,-23.5,-73.6,-0.6,-1.8,-4.4
20170214174535851,-1,0,0,24.7,-23.5,-73.6,-0.6,-1.8,-4.4
20170214174535851,-1,0,0,24.7,-23.5,-73.6,-0.6,-1.8,-4.4
20170214174536646,-1.1,0.1,0.1,25.6,-24.1,-72.1,-0.7,-1.7,-4.2
20170214174536646,-1.1,0.1,0.1,25.6,-24.1,-72.1,-0.7,-1.7,-4.2
20170214174536646,-1.1,0.1,0.1,25.6,-24.1,-72.1,-0.7,-1.7,-4.2
20170214174536646,-1.1,0.1,0.1,25.6,-24.1,-72.1,-0.7,-1.7,-4.2
20170214174536646,-1.1,0.1,0.1,25.6,-24.1,-72.1,-0.7,-1.7,-4.2
20170214174536647,-1.1,0.1,0.1,25.6,-24.1,-72.1,-0.7,-1.7,-4.2
20170214174536647,-1.1,0.1,0.1,25.6,-24.1,-72.1,-0.7,-1.7,-4.2
20170214174536647,-1.1,0.1,0.1,25.6,-24.1,-72.1,-0.7,-1.7,-4.2
20170214174536647,-1.1,0.1,0.1,25.6,-24.1,-72.1,-0.7,-1.7,-4.2
20170214174537640,-1,0,0.1,25.9,-23.7,-74.1,-1.5,-3.6,-4.2
20170214174537640,-1,0,0.1,25.9,-23.7,-74.1,-1.5,-3.6,-4.2
20170214174537640,-1,0,0.1,25.9,-23.7,-74.1,-1.5,-3.6,-4.2
20170214174537640,-1,0,0.1,25.9,-23.7,-74.1,-1.5,-3.6,-4.2
20170214174537640,-1,0,0.1,25.9,-23.7,-74.1,-1.5,-3.6,-4.2
20170214174537640,-1,0,0.1,25.9,-23.7,-74.1,-1.5,-3.6,-4.2
20170214174537640,-1,0,0.1,25.9,-23.7,-74.1,-1.5,-3.6,-4.2
20170214174537640,-1,0,0.1,25.9,-23.7,-74.1,-1.5,-3.6,-4.2
20170214174537640,-1,0,0.1,25.9,-23.7,-74.1,-1.5,-3.6,-4.2
20170214174538634,-1,0.1,0,25.3,-25,-71.8,-1.9,-1.2,-3.2
20170214174538634,-1,0.1,0,25.3,-25,-71.8,-1.9,-1.2,-3.2
20170214174538634,-1,0.1,0,25.3,-25,-71.8,-1.9,-1.2,-3.2
20170214174538634,-1,0.1,0,25.3,-25,-71.8,-1.9,-1.2,-3.2
20170214174538634,-1,0.1,0,25.3,-25,-71.8,-1.9,-1.2,-3.2
20170214174538634,-1,0.1,0,25.3,-25,-71.8,-1.9,-1.2,-3.2
20170214174538634,-1,0.1,0,25.3,-25,-71.8,-1.9,-1.2,-3.2
20170214174538634,-1,0.1,0,25.3,-25,-71.8,-1.9,-1.2,-3.2
20170214174538634,-1,0.1,0,25.3,-25,-71.8,-1.9,-1.2,-3.2
20170214174539628,-1,0,0,25.2,-25.5,-73,-1.5,-2.7,-2.7
20170214174539628,-1,0,0,25.2,-25.5,-73,-1.5,-2.7,-2.7
20170214174539628,-1,0,0,25.2,-25.5,-73,-1.5,-2.7,-2.7
20170214174539628,-1,0,0,25.2,-25.5,-73,-1.5,-2.7,-2.7
20170214174539628,-1,0,0,25.2,-25.5,-73,-1.5,-2.7,-2.7
20170214174539628,-1,0,0,25.2,-25.5,-73,-1.5,-2.7,-2.7
20170214174539628,-1,0,0,25.2,-25.5,-73,-1.5,-2.7,-2.7
20170214174539628,-1,0,0,25.2,-25.5,-73,-1.5,-2.7,-2.7
20170214174539628,-1,0,0,25.2,-25.5,-73,-1.5,-2.7,-2.7
20170214174540621,-1,0,0,24.7,-23.5,-72.9,-1.4,-2.2,-3.8
20170214174540621,-1,0,0,24.7,-23.5,-72.9,-1.4,-2.2,-3.8
20170214174540621,-1,0,0,24.7,-23.5,-72.9,-1.4,-2.2,-3.8
20170214174540621,-1,0,0,24.7,-23.5,-72.9,-1.4,-2.2,-3.8
20170214174540621,-1,0,0,24.7,-23.5,-72.9,-1.4,-2.2,-3.8
20170214174540621,-1,0,0,24.7,-23.5,-72.9,-1.4,-2.2,-3.8
20170214174540621,-1,0,0,24.7,-23.5,-72.9,-1.4,-2.2,-3.8
20170214174540622,-1,0,0,24.7,-23.5,-72.9,-1.4,-2.2,-3.8
20170214174540622,-1,0,0,24.7,-23.5,-72.9,-1.4,-2.2,-3.8
20170214174541615,-1,0,0,24.1,-25.2,-74.1,-1,-3.2,-4.4
20170214174541615,-1,0,0,24.1,-25.2,-74.1,-1,-3.2,-4.4
20170214174541615,-1,0,0,24.1,-25.2,-74.1,-1,-3.2,-4.4
20170214174541615,-1,0,0,24.1,-25.2,-74.1,-1,-3.2,-4.4
20170214174541615,-1,0,0,24.1,-25.2,-74.1,-1,-3.2,-4.4
20170214174541615,-1,0,0,24.1,-25.2,-74.1,-1,-3.2,-4.4
20170214174541615,-1,0,0,24.1,-25.2,-74.1,-1,-3.2,-4.4
20170214174541615,-1,0,0,24.1,-25.2,-74.1,-1,-3.2,-4.4
20170214174541615,-1,0,0,24.1,-25.2,-74.1,-1,-3.2,-4.4
20170214174542609,-1,0,0,25.3,-24.3,-73.3,0.2,-2.5,-3.5
20170214174542609,-1,0,0,25.3,-24.3,-73.3,0.2,-2.5,-3.5
20170214174542609,-1,0,0,25.3,-24.3,-73.3,0.2,-2.5,-3.5
20170214174542609,-1,0,0,25.3,-24.3,-73.3,0.2,-2.5,-3.5
20170214174542609,-1,0,0,25.3,-24.3,-73.3,0.2,-2.5,-3.5
20170214174542609,-1,0,0,25.3,-24.3,-73.3,0.2,-2.5,-3.5
20170214174542609,-1,0,0,25.3,-24.3,-73.3,0.2,-2.5,-3.5
20170214174542610,-1,0,0,25.3,-24.3,-73.3,0.2,-2.5,-3.5
20170214174542610,-1,0,0,25.3,-24.3,-73.3,0.2,-2.5,-3.5
20170214174543603,-0.9,0,0,25.9,-22.3,-73,-2.2,-2.8,-3.7
20170214174543603,-0.9,0,0,25.9,-22.3,-73,-2.2,-2.8,-3.7
20170214174543603,-0.9,0,0,25.9,-22.3,-73,-2.2,-2.8,-3.7
20170214174543603,-0.9,0,0,25.9,-22.3,-73,-2.2,-2.8,-3.7
20170214174543603,-0.9,0,0,25.9,-22.3,-73,-2.2,-2.8,-3.7
20170214174543603,-0.9,0,0,25.9,-22.3,-73,-2.2,-2.8,-3.7
20170214174543603,-0.9,0,0,25.9,-22.3,-73,-2.2,-2.8,-3.7
20170214174543603,-0.9,0,0,25.9,-22.3,-73,-2.2,-2.8,-3.7
20170214174543603,-0.9,0,0,25.9,-22.3,-73,-2.2,-2.8,-3.7
20170214174544596,-0.9,0,0,25.6,-24.7,-72.4,0.9,-3.5,-4.4
20170214174544596,-0.9,0,0,25.6,-24.7,-72.4,0.9,-3.5,-4.4
20170214174544596,-0.9,0,0,25.6,-24.7,-72.4,0.9,-3.5,-4.4
20170214174544596,-0.9,0,0,25.6,-24.7,-72.4,0.9,-3.5,-4.4
20170214174544596,-0.9,0,0,25.6,-24.7,-72.4,0.9,-3.5,-4.4
20170214174544596,-0.9,0,0,25.6,-24.7,-72.4,0.9,-3.5,-4.4
20170214174544596,-0.9,0,0,25.6,-24.7,-72.4,0.9,-3.5,-4.4
20170214174544596,-0.9,0,0,25.6,-24.7,-72.4,0.9,-3.5,-4.4
20170214174544596,-0.9,0,0,25.6,-24.7,-72.4,0.9,-3.5,-4.4
20170214174545590,-0.9,0,0,25.9,-24.4,-73.8,-3.3,-1.8,-2.3
20170214174545590,-0.9,0,0,25.9,-24.4,-73.8,-3.3,-1.8,-2.3
20170214174545590,-0.9,0,0,25.9,-24.4,-73.8,-3.3,-1.8,-2.3
20170214174545590,-0.9,0,0,25.9,-24.4,-73.8,-3.3,-1.8,-2.3
20170214174545590,-0.9,0,0,25.9,-24.4,-73.8,-3.3,-1.8,-2.3
20170214174545590,-0.9,0,0,25.9,-24.4,-73.8,-3.3,-1.8,-2.3
20170214174545590,-0.9,0,0,25.9,-24.4,-73.8,-3.3,-1.8,-2.3
20170214174545590,-0.9,0,0,25.9,-24.4,-73.8,-3.3,-1.8,-2.3
20170214174545590,-0.9,0,0,25.9,-24.4,-73.8,-3.3,-1.8,-2.3
20170214174546584,-1,0,0,25,-25,-73.6,-1.7,-2.3,-3.8
20170214174546584,-1,0,0,25,-25,-73.6,-1.7,-2.3,-3.8
20170214174546584,-1,0,0,25,-25,-73.6,-1.7,-2.3,-3.8
20170214174546584,-1,0,0,25,-25,-73.6,-1.7,-2.3,-3.8
20170214174546584,-1,0,0,25,-25,-73.6,-1.7,-2.3,-3.8
20170214174546584,-1,0,0,25,-25,-73.6,-1.7,-2.3,-3.8
20170214174546584,-1,0,0,25,-25,-73.6,-1.7,-2.3,-3.8
20170214174546584,-1,0,0,25,-25,-73.6,-1.7,-2.3,-3.8
20170214174546584,-1,0,0,25,-25,-73.6,-1.7,-2.3,-3.8
20170214174547578,-1,0,0,25.6,-24.1,-73.5,-1.8,-2.9,-3.1
20170214174547578,-1,0,0,25.6,-24.1,-73.5,-1.8,-2.9,-3.1
20170214174547578,-1,0,0,25.6,-24.1,-73.5,-1.8,-2.9,-3.1
20170214174547578,-1,0,0,25.6,-24.1,-73.5,-1.8,-2.9,-3.1
20170214174547578,-1,0,0,25.6,-24.1,-73.5,-1.8,-2.9,-3.1
20170214174547578,-1,0,0,25.6,-24.1,-73.5,-1.8,-2.9,-3.1
20170214174547578,-1,0,0,25.6,-24.1,-73.5,-1.8,-2.9,-3.1
20170214174547578,-1,0,0,25.6,-24.1,-73.5,-1.8,-2.9,-3.1
20170214174547578,-1,0,0,25.6,-24.1,-73.5,-1.8,-2.9,-3.1
20170214174548571,-1.1,0,0,25,-23.2,-74.2,0.7,-4,-4.2
20170214174548571,-1.1,0,0,25,-23.2,-74.2,0.7,-4,-4.2
20170214174548571,-1.1,0,0,25,-23.2,-74.2,0.7,-4,-4.2
20170214174548571,-1.1,0,0,25,-23.2,-74.2,0.7,-4,-4.2
20170214174548571,-1.1,0,0,25,-23.2,-74.2,0.7,-4,-4.2
20170214174548571,-1.1,0,0,25,-23.2,-74.2,0.7,-4,-4.2
20170214174548571,-1.1,0,0,25,-23.2,-74.2,0.7,-4,-4.2
20170214174548571,-1.1,0,0,25,-23.2,-74.2,0.7,-4,-4.2
20170214174548571,-1.1,0,0,25,-23.2,-74.2,0.7,-4,-4.2
20170214174549565,-0.9,0.1,0.1,25,-23.2,-72.9,1,-2,-3.8
20170214174549565,-0.9,0.1,0.1,25,-23.2,-72.9,1,-2,-3.8
20170214174549565,-0.9,0.1,0.1,25,-23.2,-72.9,1,-2,-3.8
20170214174549565,-0.9,0.1,0.1,25,-23.2,-72.9,1,-2,-3.8
20170214174549565,-0.9,0.1,0.1,25,-23.2,-72.9,1,-2,-3.8
20170214174549565,-0.9,0.1,0.1,25,-23.2,-72.9,1,-2,-3.8
20170214174549565,-0.9,0.1,0.1,25,-23.2,-72.9,1,-2,-3.8
20170214174549565,-0.9,0.1,0.1,25,-23.2,-72.9,1,-2,-3.8
20170214174549565,-0.9,0.1,0.1,25,-23.2,-72.9,1,-2,-3.8
20170214174550559,-1,0,0,24.4,-24.1,-72.1,-2.9,-3.8,-2.8
20170214174550559,-1,0,0,24.4,-24.1,-72.1,-2.9,-3.8,-2.8
20170214174550559,-1,0,0,24.4,-24.1,-72.1,-2.9,-3.8,-2.8
20170214174550559,-1,0,0,24.4,-24.1,-72.1,-2.9,-3.8,-2.8
20170214174550559,-1,0,0,24.4,-24.1,-72.1,-2.9,-3.8,-2.8
20170214174550559,-1,0,0,24.4,-24.1,-72.1,-2.9,-3.8,-2.8
20170214174550559,-1,0,0,24.4,-24.1,-72.1,-2.9,-3.8,-2.8
20170214174550559,-1,0,0,24.4,-24.1,-72.1,-2.9,-3.8,-2.8
20170214174550559,-1,0,0,24.4,-24.1,-72.1,-2.9,-3.8,-2.8
20170214174551552,-1,0,0,25.9,-22.6,-73.8,-2.2,-1.9,-3.7
20170214174551552,-1,0,0,25.9,-22.6,-73.8,-2.2,-1.9,-3.7
20170214174551553,-1,0,0,25.9,-22.6,-73.8,-2.2,-1.9,-3.7
20170214174551553,-1,0,0,25.9,-22.6,-73.8,-2.2,-1.9,-3.7
20170214174551553,-1,0,0,25.9,-22.6,-73.8,-2.2,-1.9,-3.7
20170214174551553,-1,0,0,25.9,-22.6,-73.8,-2.2,-1.9,-3.7
20170214174551553,-1,0,0,25.9,-22.6,-73.8,-2.2,-1.9,-3.7
20170214174551553,-1,0,0,25.9,-22.6,-73.8,-2.2,-1.9,-3.7
20170214174551553,-1,0,0,25.9,-22.6,-73.8,-2.2,-1.9,-3.7
20170214174552546,-0.9,0,0,25.2,-24.1,-73.5,-2.6,-0.9,-2.7
20170214174552547,-0.9,0,0,25.2,-24.1,-73.5,-2.6,-0.9,-2.7
20170214174552547,-0.9,0,0,25.2,-24.1,-73.5,-2.6,-0.9,-2.7
20170214174552547,-0.9,0,0,25.2,-24.1,-73.5,-2.6,-0.9,-2.7
20170214174552547,-0.9,0,0,25.2,-24.1,-73.5,-2.6,-0.9,-2.7
20170214174552547,-0.9,0,0,25.2,-24.1,-73.5,-2.6,-0.9,-2.7
20170214174552547,-0.9,0,0,25.2,-24.1,-73.5,-2.6,-0.9,-2.7
20170214174552547,-0.9,0,0,25.2,-24.1,-73.5,-2.6,-0.9,-2.7
20170214174552547,-0.9,0,0,25.2,-24.1,-73.5,-2.6,-0.9,-2.7
20170214174553739,-1,-0.1,0.1,25.2,-23.4,-72.7,-1.5,-0.8,-2.1
20170214174553739,-1,-0.1,0.1,25.2,-23.4,-72.7,-1.5,-0.8,-2.1
20170214174553739,-1,-0.1,0.1,25.2,-23.4,-72.7,-1.5,-0.8,-2.1
20170214174553739,-1,-0.1,0.1,25.2,-23.4,-72.7,-1.5,-0.8,-2.1
20170214174553740,-1,-0.1,0.1,25.2,-23.4,-72.7,-1.5,-0.8,-2.1
20170214174553740,-1,-0.1,0.1,25.2,-23.4,-72.7,-1.5,-0.8,-2.1
20170214174553740,-1,-0.1,0.1,25.2,-23.4,-72.7,-1.5,-0.8,-2.1
20170214174553740,-1,-0.1,0.1,25.2,-23.4,-72.7,-1.5,-0.8,-2.1
20170214174553740,-1,-0.1,0.1,25.2,-23.4,-72.7,-1.5,-0.8,-2.1
20170214174554732,-1,0,0,25.6,-24.1,-71.4,-0.8,-2,-4.5
20170214174554732,-1,0,0,25.6,-24.1,-71.4,-0.8,-2,-4.5
20170214174554732,-1,0,0,25.6,-24.1,-71.4,-0.8,-2,-4.5
20170214174554732,-1,0,0,25.6,-24.1,-71.4,-0.8,-2,-4.5
20170214174554732,-1,0,0,25.6,-24.1,-71.4,-0.8,-2,-4.5
20170214174554733,-1,0,0,25.6,-24.1,-71.4,-0.8,-2,-4.5
20170214174554733,-1,0,0,25.6,-24.1,-71.4,-0.8,-2,-4.5
20170214174554733,-1,0,0,25.6,-24.1,-71.4,-0.8,-2,-4.5
20170214174554733,-1,0,0,25.6,-24.1,-71.4,-0.8,-2,-4.5
20170214174555726,-1,0.1,0.1,24.7,-24.3,-72.9,-2,-2,-1.8
20170214174555726,-1,0.1,0.1,24.7,-24.3,-72.9,-2,-2,-1.8
20170214174555726,-1,0.1,0.1,24.7,-24.3,-72.9,-2,-2,-1.8
20170214174555726,-1,0.1,0.1,24.7,-24.3,-72.9,-2,-2,-1.8
20170214174555726,-1,0.1,0.1,24.7,-24.3,-72.9,-2,-2,-1.8
20170214174555726,-1,0.1,0.1,24.7,-24.3,-72.9,-2,-2,-1.8
20170214174555726,-1,0.1,0.1,24.7,-24.3,-72.9,-2,-2,-1.8
20170214174555726,-1,0.1,0.1,24.7,-24.3,-72.9,-2,-2,-1.8
20170214174555726,-1,0.1,0.1,24.7,-24.3,-72.9,-2,-2,-1.8
20170214174556720,-1,0,0,24.9,-22.6,-73.5,0.4,-1.8,-4.3
20170214174556720,-1,0,0,24.9,-22.6,-73.5,0.4,-1.8,-4.3
20170214174556720,-1,0,0,24.9,-22.6,-73.5,0.4,-1.8,-4.3
20170214174556720,-1,0,0,24.9,-22.6,-73.5,0.4,-1.8,-4.3
20170214174556720,-1,0,0,24.9,-22.6,-73.5,0.4,-1.8,-4.3
20170214174556720,-1,0,0,24.9,-22.6,-73.5,0.4,-1.8,-4.3
20170214174556720,-1,0,0,24.9,-22.6,-73.5,0.4,-1.8,-4.3
20170214174556720,-1,0,0,24.9,-22.6,-73.5,0.4,-1.8,-4.3
20170214174556720,-1,0,0,24.9,-22.6,-73.5,0.4,-1.8,-4.3
20170214174557714,-1,0,0,24.4,-22.9,-73.5,-2.6,-1.4,-2.8
20170214174557714,-1,0,0,24.4,-22.9,-73.5,-2.6,-1.4,-2.8
20170214174557714,-1,0,0,24.4,-22.9,-73.5,-2.6,-1.4,-2.8
20170214174557714,-1,0,0,24.4,-22.9,-73.5,-2.6,-1.4,-2.8
20170214174557714,-1,0,0,24.4,-22.9,-73.5,-2.6,-1.4,-2.8
20170214174557714,-1,0,0,24.4,-22.9,-73.5,-2.6,-1.4,-2.8
20170214174557714,-1,0,0,24.4,-22.9,-73.5,-2.6,-1.4,-2.8
20170214174557714,-1,0,0,24.4,-22.9,-73.5,-2.6,-1.4,-2.8
20170214174557714,-1,0,0,24.4,-22.9,-73.5,-2.6,-1.4,-2.8
20170214174558708,-1,0,0,24,-26.4,-73.6,-0.9,-3.1,-3.5
20170214174558708,-1,0,0,24,-26.4,-73.6,-0.9,-3.1,-3.5
20170214174558708,-1,0,0,24,-26.4,-73.6,-0.9,-3.1,-3.5
20170214174558708,-1,0,0,24,-26.4,-73.6,-0.9,-3.1,-3.5
20170214174558708,-1,0,0,24,-26.4,-73.6,-0.9,-3.1,-3.5
20170214174558709,-1,0,0,24,-26.4,-73.6,-0.9,-3.1,-3.5
20170214174558709,-1,0,0,24,-26.4,-73.6,-0.9,-3.1,-3.5
20170214174558709,-1,0,0,24,-26.4,-73.6,-0.9,-3.1,-3.5
20170214174558709,-1,0,0,24,-26.4,-73.6,-0.9,-3.1,-3.5
20170214174559702,-1,0,0.1,25.9,-24.4,-74.5,-2.4,-2.7,-3.8
20170214174559702,-1,0,0.1,25.9,-24.4,-74.5,-2.4,-2.7,-3.8
20170214174559702,-1,0,0.1,25.9,-24.4,-74.5,-2.4,-2.7,-3.8
20170214174559702,-1,0,0.1,25.9,-24.4,-74.5,-2.4,-2.7,-3.8
20170214174559702,-1,0,0.1,25.9,-24.4,-74.5,-2.4,-2.7,-3.8
20170214174559702,-1,0,0.1,25.9,-24.4,-74.5,-2.4,-2.7,-3.8
20170214174559702,-1,0,0.1,25.9,-24.4,-74.5,-2.4,-2.7,-3.8
20170214174559702,-1,0,0.1,25.9,-24.4,-74.5,-2.4,-2.7,-3.8
20170214174559702,-1,0,0.1,25.9,-24.4,-74.5,-2.4,-2.7,-3.8
20170214174600695,-1,0.1,0.1,26.4,-24.6,-73.6,-1.2,-3,-3.8
20170214174600695,-1,0.1,0.1,26.4,-24.6,-73.6,-1.2,-3,-3.8
20170214174600695,-1,0.1,0.1,26.4,-24.6,-73.6,-1.2,-3,-3.8
20170214174600695,-1,0.1,0.1,26.4,-24.6,-73.6,-1.2,-3,-3.8
20170214174600695,-1,0.1,0.1,26.4,-24.6,-73.6,-1.2,-3,-3.8
20170214174600695,-1,0.1,0.1,26.4,-24.6,-73.6,-1.2,-3,-3.8
20170214174600695,-1,0.1,0.1,26.4,-24.6,-73.6,-1.2,-3,-3.8
20170214174600695,-1,0.1,0.1,26.4,-24.6,-73.6,-1.2,-3,-3.8
20170214174600695,-1,0.1,0.1,26.4,-24.6,-73.6,-1.2,-3,-3.8
20170214174601689,-1,-0.1,0,25.2,-24.4,-71.1,-1,-2.3,-3.6
20170214174601689,-1,-0.1,0,25.2,-24.4,-71.1,-1,-2.3,-3.6
20170214174601689,-1,-0.1,0,25.2,-24.4,-71.1,-1,-2.3,-3.6
20170214174601689,-1,-0.1,0,25.2,-24.4,-71.1,-1,-2.3,-3.6
20170214174601689,-1,-0.1,0,25.2,-24.4,-71.1,-1,-2.3,-3.6
20170214174601689,-1,-0.1,0,25.2,-24.4,-71.1,-1,-2.3,-3.6
20170214174601689,-1,-0.1,0,25.2,-24.4,-71.1,-1,-2.3,-3.6
20170214174601689,-1,-0.1,0,25.2,-24.4,-71.1,-1,-2.3,-3.6
20170214174601689,-1,-0.1,0,25.2,-24.4,-71.1,-1,-2.3,-3.6
20170214174602682,-1,0,0.1,24.7,-23.8,-71.8,-0.5,-2.4,-3.3
20170214174602682,-1,0,0.1,24.7,-23.8,-71.8,-0.5,-2.4,-3.3
20170214174602683,-1,0,0.1,24.7,-23.8,-71.8,-0.5,-2.4,-3.3
20170214174602683,-1,0,0.1,24.7,-23.8,-71.8,-0.5,-2.4,-3.3
20170214174602684,-1,0,0.1,24.7,-23.8,-71.8,-0.5,-2.4,-3.3
20170214174602684,-1,0,0.1,24.7,-23.8,-71.8,-0.5,-2.4,-3.3
20170214174602684,-1,0,0.1,24.7,-23.8,-71.8,-0.5,-2.4,-3.3
20170214174602684,-1,0,0.1,24.7,-23.8,-71.8,-0.5,-2.4,-3.3
20170214174602684,-1,0,0.1,24.7,-23.8,-71.8,-0.5,-2.4,-3.3
20170214174603678,-1,0,0,25.2,-24.7,-72.7,0.4,-2.7,-3.3
20170214174603678,-1,0,0,25.2,-24.7,-72.7,0.4,-2.7,-3.3
20170214174603678,-1,0,0,25.2,-24.7,-72.7,0.4,-2.7,-3.3
20170214174603678,-1,0,0,25.2,-24.7,-72.7,0.4,-2.7,-3.3
20170214174603678,-1,0,0,25.2,-24.7,-72.7,0.4,-2.7,-3.3
20170214174603678,-1,0,0,25.2,-24.7,-72.7,0.4,-2.7,-3.3
20170214174603678,-1,0,0,25.2,-24.7,-72.7,0.4,-2.7,-3.3
20170214174603678,-1,0,0,25.2,-24.7,-72.7,0.4,-2.7,-3.3
20170214174603678,-1,0,0,25.2,-24.7,-72.7,0.4,-2.7,-3.3
20170214174604670,-1,0.1,0,25.6,-24.4,-72.7,0.3,-3,-3.6
20170214174604670,-1,0.1,0,25.6,-24.4,-72.7,0.3,-3,-3.6
20170214174604670,-1,0.1,0,25.6,-24.4,-72.7,0.3,-3,-3.6
20170214174604670,-1,0.1,0,25.6,-24.4,-72.7,0.3,-3,-3.6
20170214174604670,-1,0.1,0,25.6,-24.4,-72.7,0.3,-3,-3.6
20170214174604670,-1,0.1,0,25.6,-24.4,-72.7,0.3,-3,-3.6
20170214174604670,-1,0.1,0,25.6,-24.4,-72.7,0.3,-3,-3.6
20170214174604670,-1,0.1,0,25.6,-24.4,-72.7,0.3,-3,-3.6
20170214174604670,-1,0.1,0,25.6,-24.4,-72.7,0.3,-3,-3.6
20170214174605664,-1.1,0,0,25.2,-24.1,-73.8,-1.4,-1.5,-2.9
20170214174605664,-1.1,0,0,25.2,-24.1,-73.8,-1.4,-1.5,-2.9
20170214174605664,-1.1,0,0,25.2,-24.1,-73.8,-1.4,-1.5,-2.9
20170214174605664,-1.1,0,0,25.2,-24.1,-73.8,-1.4,-1.5,-2.9
20170214174605664,-1.1,0,0,25.2,-24.1,-73.8,-1.4,-1.5,-2.9
20170214174605664,-1.1,0,0,25.2,-24.1,-73.8,-1.4,-1.5,-2.9
20170214174605664,-1.1,0,0,25.2,-24.1,-73.8,-1.4,-1.5,-2.9
20170214174605664,-1.1,0,0,25.2,-24.1,-73.8,-1.4,-1.5,-2.9
20170214174605664,-1.1,0,0,25.2,-24.1,-73.8,-1.4,-1.5,-2.9
20170214174606658,-1,0.1,0.1,26.4,-23.2,-72.3,-1.3,-1.4,-2.7
20170214174606658,-1,0.1,0.1,26.4,-23.2,-72.3,-1.3,-1.4,-2.7
20170214174606658,-1,0.1,0.1,26.4,-23.2,-72.3,-1.3,-1.4,-2.7
20170214174606658,-1,0.1,0.1,26.4,-23.2,-72.3,-1.3,-1.4,-2.7
20170214174606658,-1,0.1,0.1,26.4,-23.2,-72.3,-1.3,-1.4,-2.7
20170214174606658,-1,0.1,0.1,26.4,-23.2,-72.3,-1.3,-1.4,-2.7
20170214174606658,-1,0.1,0.1,26.4,-23.2,-72.3,-1.3,-1.4,-2.7
20170214174606658,-1,0.1,0.1,26.4,-23.2,-72.3,-1.3,-1.4,-2.7
20170214174606658,-1,0.1,0.1,26.4,-23.2,-72.3,-1.3,-1.4,-2.7
20170214174607651,-1.1,0,0.1,25,-23.5,-73.9,-2,-2.4,-2.4
20170214174607651,-1.1,0,0.1,25,-23.5,-73.9,-2,-2.4,-2.4
20170214174607651,-1.1,0,0.1,25,-23.5,-73.9,-2,-2.4,-2.4
20170214174607651,-1.1,0,0.1,25,-23.5,-73.9,-2,-2.4,-2.4
20170214174607652,-1.1,0,0.1,25,-23.5,-73.9,-2,-2.4,-2.4
20170214174607652,-1.1,0,0.1,25,-23.5,-73.9,-2,-2.4,-2.4
20170214174607652,-1.1,0,0.1,25,-23.5,-73.9,-2,-2.4,-2.4
20170214174607652,-1.1,0,0.1,25,-23.5,-73.9,-2,-2.4,-2.4
20170214174607652,-1.1,0,0.1,25,-23.5,-73.9,-2,-2.4,-2.4
20170214174608645,-1,0.1,0,25.9,-23.7,-71.1,-1.6,-1.9,-3.4
20170214174608645,-1,0.1,0,25.9,-23.7,-71.1,-1.6,-1.9,-3.4
20170214174608645,-1,0.1,0,25.9,-23.7,-71.1,-1.6,-1.9,-3.4
20170214174608645,-1,0.1,0,25.9,-23.7,-71.1,-1.6,-1.9,-3.4
20170214174608645,-1,0.1,0,25.9,-23.7,-71.1,-1.6,-1.9,-3.4
20170214174608645,-1,0.1,0,25.9,-23.7,-71.1,-1.6,-1.9,-3.4
20170214174608645,-1,0.1,0,25.9,-23.7,-71.1,-1.6,-1.9,-3.4
20170214174608645,-1,0.1,0,25.9,-23.7,-71.1,-1.6,-1.9,-3.4
20170214174608645,-1,0.1,0,25.9,-23.7,-71.1,-1.6,-1.9,-3.4
20170214174609639,-0.9,0.1,0,25.3,-24.6,-71.8,-0.9,-2.2,-4.7
20170214174609639,-0.9,0.1,0,25.3,-24.6,-71.8,-0.9,-2.2,-4.7
20170214174609639,-0.9,0.1,0,25.3,-24.6,-71.8,-0.9,-2.2,-4.7
20170214174609639,-0.9,0.1,0,25.3,-24.6,-71.8,-0.9,-2.2,-4.7
20170214174609639,-0.9,0.1,0,25.3,-24.6,-71.8,-0.9,-2.2,-4.7
20170214174609639,-0.9,0.1,0,25.3,-24.6,-71.8,-0.9,-2.2,-4.7
20170214174609639,-0.9,0.1,0,25.3,-24.6,-71.8,-0.9,-2.2,-4.7
20170214174609639,-0.9,0.1,0,25.3,-24.6,-71.8,-0.9,-2.2,-4.7
20170214174609639,-0.9,0.1,0,25.3,-24.6,-71.8,-0.9,-2.2,-4.7
20170214174610632,-1,0,0.1,24.7,-24.6,-72.6,0.4,-2.7,-3.1
20170214174610632,-1,0,0.1,24.7,-24.6,-72.6,0.4,-2.7,-3.1
20170214174610633,-1,0,0.1,24.7,-24.6,-72.6,0.4,-2.7,-3.1
20170214174610633,-1,0,0.1,24.7,-24.6,-72.6,0.4,-2.7,-3.1
20170214174610633,-1,0,0.1,24.7,-24.6,-72.6,0.4,-2.7,-3.1
20170214174610633,-1,0,0.1,24.7,-24.6,-72.6,0.4,-2.7,-3.1
20170214174610633,-1,0,0.1,24.7,-24.6,-72.6,0.4,-2.7,-3.1
20170214174610633,-1,0,0.1,24.7,-24.6,-72.6,0.4,-2.7,-3.1
20170214174610633,-1,0,0.1,24.7,-24.6,-72.6,0.4,-2.7,-3.1
20170214174611627,-1,0,0,24.9,-24.7,-73.5,-1.1,-1.5,-3.7
20170214174611627,-1,0,0,24.9,-24.7,-73.5,-1.1,-1.5,-3.7
20170214174611627,-1,0,0,24.9,-24.7,-73.5,-1.1,-1.5,-3.7
20170214174611627,-1,0,0,24.9,-24.7,-73.5,-1.1,-1.5,-3.7
20170214174611627,-1,0,0,24.9,-24.7,-73.5,-1.1,-1.5,-3.7
20170214174611627,-1,0,0,24.9,-24.7,-73.5,-1.1,-1.5,-3.7
20170214174611627,-1,0,0,24.9,-24.7,-73.5,-1.1,-1.5,-3.7
20170214174611627,-1,0,0,24.9,-24.7,-73.5,-1.1,-1.5,-3.7
20170214174611627,-1,0,0,24.9,-24.7,-73.5,-1.1,-1.5,-3.7
20170214174612620,-1,0.1,0.1,25.8,-24.3,-73.9,-1.6,-3.4,-2.4
20170214174612620,-1,0.1,0.1,25.8,-24.3,-73.9,-1.6,-3.4,-2.4
20170214174612620,-1,0.1,0.1,25.8,-24.3,-73.9,-1.6,-3.4,-2.4
20170214174612620,-1,0.1,0.1,25.8,-24.3,-73.9,-1.6,-3.4,-2.4
20170214174612621,-1,0.1,0.1,25.8,-24.3,-73.9,-1.6,-3.4,-2.4
20170214174612621,-1,0.1,0.1,25.8,-24.3,-73.9,-1.6,-3.4,-2.4
20170214174612621,-1,0.1,0.1,25.8,-24.3,-73.9,-1.6,-3.4,-2.4
20170214174612621,-1,0.1,0.1,25.8,-24.3,-73.9,-1.6,-3.4,-2.4
20170214174612621,-1,0.1,0.1,25.8,-24.3,-73.9,-1.6,-3.4,-2.4
20170214174613614,-1,0,0.1,25.3,-24.3,-72.9,-0.5,-1.8,-4.5
20170214174613614,-1,0,0.1,25.3,-24.3,-72.9,-0.5,-1.8,-4.5
20170214174613614,-1,0,0.1,25.3,-24.3,-72.9,-0.5,-1.8,-4.5
20170214174613614,-1,0,0.1,25.3,-24.3,-72.9,-0.5,-1.8,-4.5
20170214174613614,-1,0,0.1,25.3,-24.3,-72.9,-0.5,-1.8,-4.5
20170214174613614,-1,0,0.1,25.3,-24.3,-72.9,-0.5,-1.8,-4.5
20170214174613614,-1,0,0.1,25.3,-24.3,-72.9,-0.5,-1.8,-4.5
20170214174613614,-1,0,0.1,25.3,-24.3,-72.9,-0.5,-1.8,-4.5
20170214174613614,-1,0,0.1,25.3,-24.3,-72.9,-0.5,-1.8,-4.5
20170214174614607,-1,0.1,0.1,26.1,-24.3,-73.6,-0.1,-1.4,-3.5
20170214174614607,-1,0.1,0.1,26.1,-24.3,-73.6,-0.1,-1.4,-3.5
20170214174614607,-1,0.1,0.1,26.1,-24.3,-73.6,-0.1,-1.4,-3.5
20170214174614607,-1,0.1,0.1,26.1,-24.3,-73.6,-0.1,-1.4,-3.5
20170214174614607,-1,0.1,0.1,26.1,-24.3,-73.6,-0.1,-1.4,-3.5
20170214174614607,-1,0.1,0.1,26.1,-24.3,-73.6,-0.1,-1.4,-3.5
20170214174614607,-1,0.1,0.1,26.1,-24.3,-73.6,-0.1,-1.4,-3.5
20170214174614607,-1,0.1,0.1,26.1,-24.3,-73.6,-0.1,-1.4,-3.5
20170214174614608,-1,0.1,0.1,26.1,-24.3,-73.6,-0.1,-1.4,-3.5
20170214174615601,-1,0.1,0,24.9,-22.6,-74.1,-3.2,-1.3,-2.9
20170214174615601,-1,0.1,0,24.9,-22.6,-74.1,-3.2,-1.3,-2.9
20170214174615601,-1,0.1,0,24.9,-22.6,-74.1,-3.2,-1.3,-2.9
20170214174615601,-1,0.1,0,24.9,-22.6,-74.1,-3.2,-1.3,-2.9
20170214174615601,-1,0.1,0,24.9,-22.6,-74.1,-3.2,-1.3,-2.9
20170214174615601,-1,0.1,0,24.9,-22.6,-74.1,-3.2,-1.3,-2.9
20170214174615601,-1,0.1,0,24.9,-22.6,-74.1,-3.2,-1.3,-2.9
20170214174615601,-1,0.1,0,24.9,-22.6,-74.1,-3.2,-1.3,-2.9
20170214174615601,-1,0.1,0,24.9,-22.6,-74.1,-3.2,-1.3,-2.9
20170214174616595,-1,0,0,25.3,-24.6,-74.2,0.5,-2.3,-4.2
20170214174616595,-1,0,0,25.3,-24.6,-74.2,0.5,-2.3,-4.2
20170214174616595,-1,0,0,25.3,-24.6,-74.2,0.5,-2.3,-4.2
20170214174616595,-1,0,0,25.3,-24.6,-74.2,0.5,-2.3,-4.2
20170214174616595,-1,0,0,25.3,-24.6,-74.2,0.5,-2.3,-4.2
20170214174616596,-1,0,0,25.3,-24.6,-74.2,0.5,-2.3,-4.2
20170214174616596,-1,0,0,25.3,-24.6,-74.2,0.5,-2.3,-4.2
20170214174616596,-1,0,0,25.3,-24.6,-74.2,0.5,-2.3,-4.2
20170214174616596,-1,0,0,25.3,-24.6,-74.2,0.5,-2.3,-4.2
20170214174617589,-1,0,0,25.9,-23.4,-73.5,-0.3,-3.7,-3.2
20170214174617589,-1,0,0,25.9,-23.4,-73.5,-0.3,-3.7,-3.2
20170214174617589,-1,0,0,25.9,-23.4,-73.5,-0.3,-3.7,-3.2
20170214174617589,-1,0,0,25.9,-23.4,-73.5,-0.3,-3.7,-3.2
20170214174617589,-1,0,0,25.9,-23.4,-73.5,-0.3,-3.7,-3.2
20170214174617589,-1,0,0,25.9,-23.4,-73.5,-0.3,-3.7,-3.2
20170214174617589,-1,0,0,25.9,-23.4,-73.5,-0.3,-3.7,-3.2
20170214174617589,-1,0,0,25.9,-23.4,-73.5,-0.3,-3.7,-3.2
20170214174617589,-1,0,0,25.9,-23.4,-73.5,-0.3,-3.7,-3.2
20170214174618583,-1,0.1,0,25.6,-22.6,-73,0.4,-3,-2.8
20170214174618583,-1,0.1,0,25.6,-22.6,-73,0.4,-3,-2.8
20170214174618583,-1,0.1,0,25.6,-22.6,-73,0.4,-3,-2.8
20170214174618583,-1,0.1,0,25.6,-22.6,-73,0.4,-3,-2.8
20170214174618583,-1,0.1,0,25.6,-22.6,-73,0.4,-3,-2.8
20170214174618583,-1,0.1,0,25.6,-22.6,-73,0.4,-3,-2.8
20170214174618583,-1,0.1,0,25.6,-22.6,-73,0.4,-3,-2.8
20170214174618583,-1,0.1,0,25.6,-22.6,-73,0.4,-3,-2.8
20170214174618583,-1,0.1,0,25.6,-22.6,-73,0.4,-3,-2.8
20170214174619576,-1.1,0,0,26.8,-23.8,-73.6,-1.1,-2.3,-3.4
20170214174619576,-1.1,0,0,26.8,-23.8,-73.6,-1.1,-2.3,-3.4
20170214174619576,-1.1,0,0,26.8,-23.8,-73.6,-1.1,-2.3,-3.4
20170214174619576,-1.1,0,0,26.8,-23.8,-73.6,-1.1,-2.3,-3.4
20170214174619576,-1.1,0,0,26.8,-23.8,-73.6,-1.1,-2.3,-3.4
20170214174619576,-1.1,0,0,26.8,-23.8,-73.6,-1.1,-2.3,-3.4
20170214174619576,-1.1,0,0,26.8,-23.8,-73.6,-1.1,-2.3,-3.4
20170214174619577,-1.1,0,0,26.8,-23.8,-73.6,-1.1,-2.3,-3.4
20170214174619577,-1.1,0,0,26.8,-23.8,-73.6,-1.1,-2.3,-3.4
