Timestamp,AccelX,AccelY,AccelZ,MagX,MagY,MagZ,GyroX,GyroY,GyroZ
20170214172816837,-1,0,0.1,0,0,0,0,0,0
20170214172816840,-1,0,0.1,0,0,0,0,0,0
20170214172816840,-1,0,0.1,0,0,0,0,0,0
20170214172816840,-1,0,0.1,0,0,0,0,0,0
20170214172816840,-1,0,0.1,0,0,0,0,0,0
20170214172816840,-1,0,0.1,0,0,0,0,0,0
20170214172816840,-1,0,0.1,0,0,0,0,0,0
20170214172816840,-1,0,0.1,0,0,0,0,0,0
20170214172816840,-1,0,0.1,0,0,0,0,0,0
20170214172817829,-0.9,0,0,-2.2,-7.2,-124.3,1.6,-0.2,-4
20170214172817829,-0.9,0,0,-2.2,-7.2,-124.3,1.6,-0.2,-4
20170214172817829,-0.9,0,0,-2.2,-7.2,-124.3,1.6,-0.2,-4
20170214172817829,-0.9,0,0,-2.2,-7.2,-124.3,1.6,-0.2,-4
20170214172817829,-0.9,0,0,-2.2,-7.2,-124.3,1.6,-0.2,-4
20170214172817829,-0.9,0,0,-2.2,-7.2,-124.3,1.6,-0.2,-4
20170214172817829,-0.9,0,0,-2.2,-7.2,-124.3,1.6,-0.2,-4
20170214172817829,-0.9,0,0,-2.2,-7.2,-124.3,1.6,-0.2,-4
20170214172817829,-0.9,0,0,-2.2,-7.2,-124.3,1.6,-0.2,-4
20170214172818822,-0.9,0,0,-0.6,-6.6,-124.4,0.8,1.7,-4
20170214172818822,-0.9,0,0,-0.6,-6.6,-124.4,0.8,1.7,-4
20170214172818822,-0.9,0,0,-0.6,-6.6,-124.4,0.8,1.7,-4
20170214172818822,-0.9,0,0,-0.6,-6.6,-124.4,0.8,1.7,-4
20170214172818822,-0.9,0,0,-0.6,-6.6,-124.4,0.8,1.7,-4
20170214172818823,-0.9,0,0,-0.6,-6.6,-124.4,0.8,1.7,-4
20170214172818823,-0.9,0,0,-0.6,-6.6,-124.4,0.8,1.7,-4
20170214172818823,-0.9,0,0,-0.6,-6.6,-124.4,0.8,1.7,-4
20170214172818823,-0.9,0,0,-0.6,-6.6,-124.4,0.8,1.7,-4
20170214172819816,-1,0,0,0.1,-7,-124.4,1,1.6,-4.1
20170214172819816,-1,0,0,0.1,-7,-124.4,1,1.6,-4.1
20170214172819816,-1,0,0,0.1,-7,-124.4,1,1.6,-4.1
20170214172819816,-1,0,0,0.1,-7,-124.4,1,1.6,-4.1
20170214172819816,-1,0,0,0.1,-7,-124.4,1,1.6,-4.1
20170214172819816,-1,0,0,0.1,-7,-124.4,1,1.6,-4.1
20170214172819816,-1,0,0,0.1,-7,-124.4,1,1.6,-4.1
20170214172819816,-1,0,0,0.1,-7,-124.4,1,1.6,-4.1
20170214172819816,-1,0,0,0.1,-7,-124.4,1,1.6,-4.1
2017021417282108,-0.9,0.1,0.1,-0.9,-6.6,-122.3,2.1,0.9,-1.8
2017021417282109,-0.9,0.1,0.1,-0.9,-6.6,-122.3,2.1,0.9,-1.8
2017021417282109,-0.9,0.1,0.1,-0.9,-6.6,-122.3,2.1,0.9,-1.8
2017021417282109,-0.9,0.1,0.1,-0.9,-6.6,-122.3,2.1,0.9,-1.8
2017021417282109,-0.9,0.1,0.1,-0.9,-6.6,-122.3,2.1,0.9,-1.8
2017021417282109,-0.9,0.1,0.1,-0.9,-6.6,-122.3,2.1,0.9,-1.8
2017021417282109,-0.9,0.1,0.1,-0.9,-6.6,-122.3,2.1,0.9,-1.8
2017021417282109,-0.9,0.1,0.1,-0.9,-6.6,-122.3,2.1,0.9,-1.8
2017021417282109,-0.9,0.1,0.1,-0.9,-6.6,-122.3,2.1,0.9,-1.8
20170214172821803,-1,0,0,-1.2,-8.2,-122.8,0.6,0.4,-3.4
20170214172821804,-1,0,0,-1.2,-8.2,-122.8,0.6,0.4,-3.4
20170214172821804,-1,0,0,-1.2,-8.2,-122.8,0.6,0.4,-3.4
20170214172821804,-1,0,0,-1.2,-8.2,-122.8,0.6,0.4,-3.4
20170214172821804,-1,0,0,-1.2,-8.2,-122.8,0.6,0.4,-3.4
20170214172821804,-1,0,0,-1.2,-8.2,-122.8,0.6,0.4,-3.4
20170214172821804,-1,0,0,-1.2,-8.2,-122.8,0.6,0.4,-3.4
20170214172821804,-1,0,0,-1.2,-8.2,-122.8,0.6,0.4,-3.4
20170214172821804,-1,0,0,-1.2,-8.2,-122.8,0.6,0.4,-3.4
20170214172822797,-1,0,0,0.4,-6.6,-123.7,2.1,0,-2.7
20170214172822797,-1,0,0,0.4,-6.6,-123.7,2.1,0,-2.7
20170214172822797,-1,0,0,0.4,-6.6,-123.7,2.1,0,-2.7
20170214172822797,-1,0,0,0.4,-6.6,-123.7,2.1,0,-2.7
20170214172822797,-1,0,0,0.4,-6.6,-123.7,2.1,0,-2.7
20170214172822797,-1,0,0,0.4,-6.6,-123.7,2.1,0,-2.7
20170214172822798,-1,0,0,0.4,-6.6,-123.7,2.1,0,-2.7
20170214172822798,-1,0,0,0.4,-6.6,-123.7,2.1,0,-2.7
20170214172822799,-1,0,0,0.4,-6.6,-123.7,2.1,0,-2.7
20170214172823791,-1,0,0,0.3,-6.1,-124.3,1.2,0.8,-1.9
20170214172823792,-1,0,0,0.3,-6.1,-124.3,1.2,0.8,-1.9
20170214172823792,-1,0,0,0.3,-6.1,-124.3,1.2,0.8,-1.9
20170214172823792,-1,0,0,0.3,-6.1,-124.3,1.2,0.8,-1.9
20170214172823792,-1,0,0,0.3,-6.1,-124.3,1.2,0.8,-1.9
20170214172823792,-1,0,0,0.3,-6.1,-124.3,1.2,0.8,-1.9
20170214172823792,-1,0,0,0.3,-6.1,-124.3,1.2,0.8,-1.9
20170214172823792,-1,0,0,0.3,-6.1,-124.3,1.2,0.8,-1.9
20170214172823792,-1,0,0,0.3,-6.1,-124.3,1.2,0.8,-1.9
20170214172824786,-1,0,0.1,-0.7,-6.9,-124.9,0.7,0.5,-2.6
20170214172824786,-1,0,0.1,-0.7,-6.9,-124.9,0.7,0.5,-2.6
20170214172824786,-1,0,0.1,-0.7,-6.9,-124.9,0.7,0.5,-2.6
20170214172824786,-1,0,0.1,-0.7,-6.9,-124.9,0.7,0.5,-2.6
20170214172824786,-1,0,0.1,-0.7,-6.9,-124.9,0.7,0.5,-2.6
20170214172824786,-1,0,0.1,-0.7,-6.9,-124.9,0.7,0.5,-2.6
20170214172824786,-1,0,0.1,-0.7,-6.9,-124.9,0.7,0.5,-2.6
20170214172824786,-1,0,0.1,-0.7,-6.9,-124.9,0.7,0.5,-2.6
20170214172824787,-1,0,0.1,-0.7,-6.9,-124.9,0.7,0.5,-2.6
20170214172825779,-1,0,0,-0.6,-6.6,-123.7,1.4,0,-4.9
20170214172825779,-1,0,0,-0.6,-6.6,-123.7,1.4,0,-4.9
20170214172825779,-1,0,0,-0.6,-6.6,-123.7,1.4,0,-4.9
20170214172825779,-1,0,0,-0.6,-6.6,-123.7,1.4,0,-4.9
20170214172825779,-1,0,0,-0.6,-6.6,-123.7,1.4,0,-4.9
20170214172825779,-1,0,0,-0.6,-6.6,-123.7,1.4,0,-4.9
20170214172825779,-1,0,0,-0.6,-6.6,-123.7,1.4,0,-4.9
20170214172825779,-1,0,0,-0.6,-6.6,-123.7,1.4,0,-4.9
20170214172825779,-1,0,0,-0.6,-6.6,-123.7,1.4,0,-4.9
20170214172826772,-0.9,0,0,-0.7,-7.9,-123.2,2.8,1.7,-3
20170214172826772,-0.9,0,0,-0.7,-7.9,-123.2,2.8,1.7,-3
20170214172826772,-0.9,0,0,-0.7,-7.9,-123.2,2.8,1.7,-3
20170214172826772,-0.9,0,0,-0.7,-7.9,-123.2,2.8,1.7,-3
20170214172826772,-0.9,0,0,-0.7,-7.9,-123.2,2.8,1.7,-3
20170214172826772,-0.9,0,0,-0.7,-7.9,-123.2,2.8,1.7,-3
20170214172826772,-0.9,0,0,-0.7,-7.9,-123.2,2.8,1.7,-3
20170214172826773,-0.9,0,0,-0.7,-7.9,-123.2,2.8,1.7,-3
20170214172826773,-0.9,0,0,-0.7,-7.9,-123.2,2.8,1.7,-3
20170214172827766,-0.9,0,0,0.1,-7,-124.7,1.7,0.3,-4.2
20170214172827766,-0.9,0,0,0.1,-7,-124.7,1.7,0.3,-4.2
20170214172827766,-0.9,0,0,0.1,-7,-124.7,1.7,0.3,-4.2
20170214172827766,-0.9,0,0,0.1,-7,-124.7,1.7,0.3,-4.2
20170214172827766,-0.9,0,0,0.1,-7,-124.7,1.7,0.3,-4.2
20170214172827766,-0.9,0,0,0.1,-7,-124.7,1.7,0.3,-4.2
20170214172827766,-0.9,0,0,0.1,-7,-124.7,1.7,0.3,-4.2
20170214172827766,-0.9,0,0,0.1,-7,-124.7,1.7,0.3,-4.2
20170214172827767,-0.9,0,0,0.1,-7,-124.7,1.7,0.3,-4.2
20170214172828760,-1,0,0.1,-1.3,-6.3,-124.7,1.7,1.4,-3.7
20170214172828760,-1,0,0.1,-1.3,-6.3,-124.7,1.7,1.4,-3.7
20170214172828760,-1,0,0.1,-1.3,-6.3,-124.7,1.7,1.4,-3.7
20170214172828760,-1,0,0.1,-1.3,-6.3,-124.7,1.7,1.4,-3.7
20170214172828760,-1,0,0.1,-1.3,-6.3,-124.7,1.7,1.4,-3.7
20170214172828760,-1,0,0.1,-1.3,-6.3,-124.7,1.7,1.4,-3.7
20170214172828760,-1,0,0.1,-1.3,-6.3,-124.7,1.7,1.4,-3.7
20170214172828760,-1,0,0.1,-1.3,-6.3,-124.7,1.7,1.4,-3.7
20170214172828760,-1,0,0.1,-1.3,-6.3,-124.7,1.7,1.4,-3.7
20170214172829753,-1,0.1,0,-1.2,-8.2,-123.8,0.6,0.8,-3.4
20170214172829753,-1,0.1,0,-1.2,-8.2,-123.8,0.6,0.8,-3.4
20170214172829753,-1,0.1,0,-1.2,-8.2,-123.8,0.6,0.8,-3.4
20170214172829754,-1,0.1,0,-1.2,-8.2,-123.8,0.6,0.8,-3.4
20170214172829754,-1,0.1,0,-1.2,-8.2,-123.8,0.6,0.8,-3.4
20170214172829754,-1,0.1,0,-1.2,-8.2,-123.8,0.6,0.8,-3.4
20170214172829754,-1,0.1,0,-1.2,-8.2,-123.8,0.6,0.8,-3.4
20170214172829754,-1,0.1,0,-1.2,-8.2,-123.8,0.6,0.8,-3.4
20170214172829754,-1,0.1,0,-1.2,-8.2,-123.8,0.6,0.8,-3.4
20170214172830748,-0.9,0.1,0,-0.4,-6.4,-123.5,1.5,0.3,-3.6
20170214172830748,-0.9,0.1,0,-0.4,-6.4,-123.5,1.5,0.3,-3.6
20170214172830749,-0.9,0.1,0,-0.4,-6.4,-123.5,1.5,0.3,-3.6
20170214172830749,-0.9,0.1,0,-0.4,-6.4,-123.5,1.5,0.3,-3.6
20170214172830749,-0.9,0.1,0,-0.4,-6.4,-123.5,1.5,0.3,-3.6
20170214172830755,-0.9,0.1,0,-0.4,-6.4,-123.5,1.5,0.3,-3.6
20170214172830755,-0.9,0.1,0,-0.4,-6.4,-123.5,1.5,0.3,-3.6
20170214172830755,-0.9,0.1,0,-0.4,-6.4,-123.5,1.5,0.3,-3.6
20170214172830755,-0.9,0.1,0,-0.4,-6.4,-123.5,1.5,0.3,-3.6
20170214172831741,-1,0.1,0.1,0.7,-6.3,-123.1,1.7,0.6,-4.4
20170214172831741,-1,0.1,0.1,0.7,-6.3,-123.1,1.7,0.6,-4.4
20170214172831741,-1,0.1,0.1,0.7,-6.3,-123.1,1.7,0.6,-4.4
20170214172831741,-1,0.1,0.1,0.7,-6.3,-123.1,1.7,0.6,-4.4
20170214172831742,-1,0.1,0.1,0.7,-6.3,-123.1,1.7,0.6,-4.4
20170214172831742,-1,0.1,0.1,0.7,-6.3,-123.1,1.7,0.6,-4.4
20170214172831742,-1,0.1,0.1,0.7,-6.3,-123.1,1.7,0.6,-4.4
20170214172831742,-1,0.1,0.1,0.7,-6.3,-123.1,1.7,0.6,-4.4
20170214172831742,-1,0.1,0.1,0.7,-6.3,-123.1,1.7,0.6,-4.4
20170214172832735,-1,0,0,0.3,-8.2,-125.6,0.2,-0.5,-3.1
20170214172832735,-1,0,0,0.3,-8.2,-125.6,0.2,-0.5,-3.1
20170214172832735,-1,0,0,0.3,-8.2,-125.6,0.2,-0.5,-3.1
20170214172832735,-1,0,0,0.3,-8.2,-125.6,0.2,-0.5,-3.1
20170214172832735,-1,0,0,0.3,-8.2,-125.6,0.2,-0.5,-3.1
20170214172832735,-1,0,0,0.3,-8.2,-125.6,0.2,-0.5,-3.1
20170214172832735,-1,0,0,0.3,-8.2,-125.6,0.2,-0.5,-3.1
20170214172832735,-1,0,0,0.3,-8.2,-125.6,0.2,-0.5,-3.1
20170214172832735,-1,0,0,0.3,-8.2,-125.6,0.2,-0.5,-3.1
20170214172833729,-1,0,0.1,0.1,-7.8,-123.7,2.2,-0.4,-3
20170214172833729,-1,0,0.1,0.1,-7.8,-123.7,2.2,-0.4,-3
20170214172833729,-1,0,0.1,0.1,-7.8,-123.7,2.2,-0.4,-3
20170214172833729,-1,0,0.1,0.1,-7.8,-123.7,2.2,-0.4,-3
20170214172833729,-1,0,0.1,0.1,-7.8,-123.7,2.2,-0.4,-3
20170214172833729,-1,0,0.1,0.1,-7.8,-123.7,2.2,-0.4,-3
20170214172833729,-1,0,0.1,0.1,-7.8,-123.7,2.2,-0.4,-3
20170214172833729,-1,0,0.1,0.1,-7.8,-123.7,2.2,-0.4,-3
20170214172833729,-1,0,0.1,0.1,-7.8,-123.7,2.2,-0.4,-3
20170214172834722,0,0,-1,-0.3,-7.8,-123.7,1.5,-0.4,-4.1
20170214172834722,0,0,-1,-0.3,-7.8,-123.7,1.5,-0.4,-4.1
20170214172834722,0,0,-1,-0.3,-7.8,-123.7,1.5,-0.4,-4.1
20170214172834722,0,0,-1,-0.3,-7.8,-123.7,1.5,-0.4,-4.1
20170214172834722,0,0,-1,-0.3,-7.8,-123.7,1.5,-0.4,-4.1
20170214172834722,0,0,-1,-0.3,-7.8,-123.7,1.5,-0.4,-4.1
20170214172834722,0,0,-1,-0.3,-7.8,-123.7,1.5,-0.4,-4.1
20170214172834722,0,0,-1,-0.3,-7.8,-123.7,1.5,-0.4,-4.1
20170214172834722,0,0,-1,-0.3,-7.8,-123.7,1.5,-0.4,-4.1
20170214172835915,0.1,0,-1,-0.3,-9.9,-124,2.4,0.9,-3.4
20170214172835915,0.1,0,-1,-0.3,-9.9,-124,2.4,0.9,-3.4
20170214172835915,0.1,0,-1,-0.3,-9.9,-124,2.4,0.9,-3.4
20170214172835915,0.1,0,-1,-0.3,-9.9,-124,2.4,0.9,-3.4
20170214172835915,0.1,0,-1,-0.3,-9.9,-124,2.4,0.9,-3.4
20170214172835915,0.1,0,-1,-0.3,-9.9,-124,2.4,0.9,-3.4
20170214172835915,0.1,0,-1,-0.3,-9.9,-124,2.4,0.9,-3.4
20170214172835915,0.1,0,-1,-0.3,-9.9,-124,2.4,0.9,-3.4
20170214172835915,0.1,0,-1,-0.3,-9.9,-124,2.4,0.9,-3.4
20170214172836710,0,0,-1,-6.6,-52.2,-175.7,1,0,-2.8
20170214172836710,0,0,-1,-6.6,-52.2,-175.7,1,0,-2.8
20170214172836710,0,0,-1,-6.6,-52.2,-175.7,1,0,-2.8
20170214172836710,0,0,-1,-6.6,-52.2,-175.7,1,0,-2.8
20170214172836710,0,0,-1,-6.6,-52.2,-175.7,1,0,-2.8
20170214172836710,0,0,-1,-6.6,-52.2,-175.7,1,0,-2.8
20170214172836710,0,0,-1,-6.6,-52.2,-175.7,1,0,-2.8
20170214172836710,0,0,-1,-6.6,-52.2,-175.7,1,0,-2.8
20170214172836710,0,0,-1,-6.6,-52.2,-175.7,1,0,-2.8
20170214172837703,0,0,-1,-6.3,-53.4,-176.7,1.7,1.2,-2.5
20170214172837704,0,0,-1,-6.3,-53.4,-176.7,1.7,1.2,-2.5
20170214172837704,0,0,-1,-6.3,-53.4,-176.7,1.7,1.2,-2.5
20170214172837704,0,0,-1,-6.3,-53.4,-176.7,1.7,1.2,-2.5
20170214172837704,0,0,-1,-6.3,-53.4,-176.7,1.7,1.2,-2.5
20170214172837704,0,0,-1,-6.3,-53.4,-176.7,1.7,1.2,-2.5
20170214172837704,0,0,-1,-6.3,-53.4,-176.7,1.7,1.2,-2.5
20170214172837704,0,0,-1,-6.3,-53.4,-176.7,1.7,1.2,-2.5
20170214172837704,0,0,-1,-6.3,-53.4,-176.7,1.7,1.2,-2.5
20170214172838697,0.1,0,-1,-3.6,-52.8,-175.8,0.4,-0.3,-5.1
20170214172838697,0.1,0,-1,-3.6,-52.8,-175.8,0.4,-0.3,-5.1
20170214172838697,0.1,0,-1,-3.6,-52.8,-175.8,0.4,-0.3,-5.1
20170214172838697,0.1,0,-1,-3.6,-52.8,-175.8,0.4,-0.3,-5.1
20170214172838697,0.1,0,-1,-3.6,-52.8,-175.8,0.4,-0.3,-5.1
20170214172838697,0.1,0,-1,-3.6,-52.8,-175.8,0.4,-0.3,-5.1
20170214172838698,0.1,0,-1,-3.6,-52.8,-175.8,0.4,-0.3,-5.1
20170214172838698,0.1,0,-1,-3.6,-52.8,-175.8,0.4,-0.3,-5.1
20170214172838698,0.1,0,-1,-3.6,-52.8,-175.8,0.4,-0.3,-5.1
20170214172839691,0.1,-1,-0.1,-4.3,-52,-175.5,0.3,-0.1,-4.7
20170214172839691,0.1,-1,-0.1,-4.3,-52,-175.5,0.3,-0.1,-4.7
20170214172839691,0.1,-1,-0.1,-4.3,-52,-175.5,0.3,-0.1,-4.7
20170214172839691,0.1,-1,-0.1,-4.3,-52,-175.5,0.3,-0.1,-4.7
20170214172839691,0.1,-1,-0.1,-4.3,-52,-175.5,0.3,-0.1,-4.7
20170214172839691,0.1,-1,-0.1,-4.3,-52,-175.5,0.3,-0.1,-4.7
20170214172839691,0.1,-1,-0.1,-4.3,-52,-175.5,0.3,-0.1,-4.7
20170214172839691,0.1,-1,-0.1,-4.3,-52,-175.5,0.3,-0.1,-4.7
20170214172839691,0.1,-1,-0.1,-4.3,-52,-175.5,0.3,-0.1,-4.7
20170214172840685,0,-1,0,-7,-54.4,-178.1,-14.5,0.4,-3.5
20170214172840685,0,-1,0,-7,-54.4,-178.1,-14.5,0.4,-3.5
20170214172840685,0,-1,0,-7,-54.4,-178.1,-14.5,0.4,-3.5
20170214172840685,0,-1,0,-7,-54.4,-178.1,-14.5,0.4,-3.5
20170214172840685,0,-1,0,-7,-54.4,-178.1,-14.5,0.4,-3.5
20170214172840685,0,-1,0,-7,-54.4,-178.1,-14.5,0.4,-3.5
20170214172840685,0,-1,0,-7,-54.4,-178.1,-14.5,0.4,-3.5
20170214172840685,0,-1,0,-7,-54.4,-178.1,-14.5,0.4,-3.5
20170214172840685,0,-1,0,-7,-54.4,-178.1,-14.5,0.4,-3.5
20170214172841877,0,-1,0,53.8,-50.8,-84.1,0.6,1.2,-2.6
20170214172841877,0,-1,0,53.8,-50.8,-84.1,0.6,1.2,-2.6
20170214172841877,0,-1,0,53.8,-50.8,-84.1,0.6,1.2,-2.6
20170214172841877,0,-1,0,53.8,-50.8,-84.1,0.6,1.2,-2.6
20170214172841877,0,-1,0,53.8,-50.8,-84.1,0.6,1.2,-2.6
20170214172841877,0,-1,0,53.8,-50.8,-84.1,0.6,1.2,-2.6
20170214172841877,0,-1,0,53.8,-50.8,-84.1,0.6,1.2,-2.6
20170214172841877,0,-1,0,53.8,-50.8,-84.1,0.6,1.2,-2.6
20170214172841877,0,-1,0,53.8,-50.8,-84.1,0.6,1.2,-2.6
20170214172842871,0,-1,0.1,54.6,-48.7,-78.2,2.5,0.6,-4.8
20170214172842871,0,-1,0.1,54.6,-48.7,-78.2,2.5,0.6,-4.8
20170214172842871,0,-1,0.1,54.6,-48.7,-78.2,2.5,0.6,-4.8
20170214172842871,0,-1,0.1,54.6,-48.7,-78.2,2.5,0.6,-4.8
20170214172842871,0,-1,0.1,54.6,-48.7,-78.2,2.5,0.6,-4.8
20170214172842871,0,-1,0.1,54.6,-48.7,-78.2,2.5,0.6,-4.8
20170214172842871,0,-1,0.1,54.6,-48.7,-78.2,2.5,0.6,-4.8
20170214172842871,0,-1,0.1,54.6,-48.7,-78.2,2.5,0.6,-4.8
20170214172842871,0,-1,0.1,54.6,-48.7,-78.2,2.5,0.6,-4.8
20170214172843865,0,-1,0.1,53.7,-49.2,-77.6,0.8,0.9,-3.6
20170214172843865,0,-1,0.1,53.7,-49.2,-77.6,0.8,0.9,-3.6
20170214172843865,0,-1,0.1,53.7,-49.2,-77.6,0.8,0.9,-3.6
20170214172843865,0,-1,0.1,53.7,-49.2,-77.6,0.8,0.9,-3.6
20170214172843865,0,-1,0.1,53.7,-49.2,-77.6,0.8,0.9,-3.6
20170214172843865,0,-1,0.1,53.7,-49.2,-77.6,0.8,0.9,-3.6
20170214172843865,0,-1,0.1,53.7,-49.2,-77.6,0.8,0.9,-3.6
20170214172843865,0,-1,0.1,53.7,-49.2,-77.6,0.8,0.9,-3.6
20170214172843865,0,-1,0.1,53.7,-49.2,-77.6,0.8,0.9,-3.6
20170214172844858,-0.3,-1,0.2,54.7,-48.4,-76.3,3.8,-0.1,-5.5
20170214172844858,-0.3,-1,0.2,54.7,-48.4,-76.3,3.8,-0.1,-5.5
20170214172844858,-0.3,-1,0.2,54.7,-48.4,-76.3,3.8,-0.1,-5.5
20170214172844858,-0.3,-1,0.2,54.7,-48.4,-76.3,3.8,-0.1,-5.5
20170214172844858,-0.3,-1,0.2,54.7,-48.4,-76.3,3.8,-0.1,-5.5
20170214172844858,-0.3,-1,0.2,54.7,-48.4,-76.3,3.8,-0.1,-5.5
20170214172844858,-0.3,-1,0.2,54.7,-48.4,-76.3,3.8,-0.1,-5.5
20170214172844859,-0.3,-1,0.2,54.7,-48.4,-76.3,3.8,-0.1,-5.5
20170214172844859,-0.3,-1,0.2,54.7,-48.4,-76.3,3.8,-0.1,-5.5
20170214172845852,-1,0,0,53.8,-49,-76.9,237,46.1,8.8
20170214172845852,-1,0,0,53.8,-49,-76.9,237,46.1,8.8
20170214172845852,-1,0,0,53.8,-49,-76.9,237,46.1,8.8
20170214172845852,-1,0,0,53.8,-49,-76.9,237,46.1,8.8
20170214172845852,-1,0,0,53.8,-49,-76.9,237,46.1,8.8
20170214172845852,-1,0,0,53.8,-49,-76.9,237,46.1,8.8
20170214172845852,-1,0,0,53.8,-49,-76.9,237,46.1,8.8
20170214172845852,-1,0,0,53.8,-49,-76.9,237,46.1,8.8
20170214172845852,-1,0,0,53.8,-49,-76.9,237,46.1,8.8
20170214172846846,-0.6,0,-0.8,53.7,-48.1,-69.1,-0.3,27.3,-2.3
20170214172846846,-0.6,0,-0.8,53.7,-48.1,-69.1,-0.3,27.3,-2.3
20170214172846846,-0.6,0,-0.8,53.7,-48.1,-69.1,-0.3,27.3,-2.3
20170214172846846,-0.6,0,-0.8,53.7,-48.1,-69.1,-0.3,27.3,-2.3
20170214172846846,-0.6,0,-0.8,53.7,-48.1,-69.1,-0.3,27.3,-2.3
20170214172846846,-0.6,0,-0.8,53.7,-48.1,-69.1,-0.3,27.3,-2.3
20170214172846846,-0.6,0,-0.8,53.7,-48.1,-69.1,-0.3,27.3,-2.3
20170214172846846,-0.6,0,-0.8,53.7,-48.1,-69.1,-0.3,27.3,-2.3
20170214172846846,-0.6,0,-0.8,53.7,-48.1,-69.1,-0.3,27.3,-2.3
20170214172847840,-1,0.1,0,7.9,-5.2,-114.1,-3.2,18.1,-10.4
20170214172847840,-1,0.1,0,7.9,-5.2,-114.1,-3.2,18.1,-10.4
20170214172847840,-1,0.1,0,7.9,-5.2,-114.1,-3.2,18.1,-10.4
20170214172847840,-1,0.1,0,7.9,-5.2,-114.1,-3.2,18.1,-10.4
20170214172847840,-1,0.1,0,7.9,-5.2,-114.1,-3.2,18.1,-10.4
20170214172847840,-1,0.1,0,7.9,-5.2,-114.1,-3.2,18.1,-10.4
20170214172847840,-1,0.1,0,7.9,-5.2,-114.1,-3.2,18.1,-10.4
20170214172847840,-1,0.1,0,7.9,-5.2,-114.1,-3.2,18.1,-10.4
20170214172847840,-1,0.1,0,7.9,-5.2,-114.1,-3.2,18.1,-10.4
20170214172848833,-1,0.1,0.1,5.2,-26.4,-160.8,0.7,19.4,-2.3
20170214172848833,-1,0.1,0.1,5.2,-26.4,-160.8,0.7,19.4,-2.3
20170214172848833,-1,0.1,0.1,5.2,-26.4,-160.8,0.7,19.4,-2.3
20170214172848833,-1,0.1,0.1,5.2,-26.4,-160.8,0.7,19.4,-2.3
20170214172848834,-1,0.1,0.1,5.2,-26.4,-160.8,0.7,19.4,-2.3
20170214172848834,-1,0.1,0.1,5.2,-26.4,-160.8,0.7,19.4,-2.3
20170214172848834,-1,0.1,0.1,5.2,-26.4,-160.8,0.7,19.4,-2.3
20170214172848834,-1,0.1,0.1,5.2,-26.4,-160.8,0.7,19.4,-2.3
20170214172848834,-1,0.1,0.1,5.2,-26.4,-160.8,0.7,19.4,-2.3
20170214172849827,-1,0.1,-0.3,10.2,-7.5,-110.2,1.6,9.3,-2.6
20170214172849827,-1,0.1,-0.3,10.2,-7.5,-110.2,1.6,9.3,-2.6
20170214172849827,-1,0.1,-0.3,10.2,-7.5,-110.2,1.6,9.3,-2.6
20170214172849827,-1,0.1,-0.3,10.2,-7.5,-110.2,1.6,9.3,-2.6
20170214172849827,-1,0.1,-0.3,10.2,-7.5,-110.2,1.6,9.3,-2.6
20170214172849827,-1,0.1,-0.3,10.2,-7.5,-110.2,1.6,9.3,-2.6
20170214172849827,-1,0.1,-0.3,10.2,-7.5,-110.2,1.6,9.3,-2.6
20170214172849828,-1,0.1,-0.3,10.2,-7.5,-110.2,1.6,9.3,-2.6
20170214172849828,-1,0.1,-0.3,10.2,-7.5,-110.2,1.6,9.3,-2.6
20170214172850821,-1,0.1,0.1,10.3,-7.3,-110.3,4.5,-142.8,-2.7
20170214172850821,-1,0.1,0.1,10.3,-7.3,-110.3,4.5,-142.8,-2.7
20170214172850821,-1,0.1,0.1,10.3,-7.3,-110.3,4.5,-142.8,-2.7
20170214172850821,-1,0.1,0.1,10.3,-7.3,-110.3,4.5,-142.8,-2.7
20170214172850821,-1,0.1,0.1,10.3,-7.3,-110.3,4.5,-142.8,-2.7
20170214172850821,-1,0.1,0.1,10.3,-7.3,-110.3,4.5,-142.8,-2.7
20170214172850821,-1,0.1,0.1,10.3,-7.3,-110.3,4.5,-142.8,-2.7
20170214172850821,-1,0.1,0.1,10.3,-7.3,-110.3,4.5,-142.8,-2.7
20170214172850821,-1,0.1,0.1,10.3,-7.3,-110.3,4.5,-142.8,-2.7
20170214172851815,-1,0,0.1,9,-7.3,-112.4,1.4,0.2,-5.6
20170214172851815,-1,0,0.1,9,-7.3,-112.4,1.4,0.2,-5.6
20170214172851815,-1,0,0.1,9,-7.3,-112.4,1.4,0.2,-5.6
20170214172851815,-1,0,0.1,9,-7.3,-112.4,1.4,0.2,-5.6
20170214172851815,-1,0,0.1,9,-7.3,-112.4,1.4,0.2,-5.6
20170214172851815,-1,0,0.1,9,-7.3,-112.4,1.4,0.2,-5.6
20170214172851815,-1,0,0.1,9,-7.3,-112.4,1.4,0.2,-5.6
20170214172851815,-1,0,0.1,9,-7.3,-112.4,1.4,0.2,-5.6
20170214172851815,-1,0,0.1,9,-7.3,-112.4,1.4,0.2,-5.6
20170214172852808,-1,0,-0.1,9.3,-6.6,-112.4,2.6,0,-4.1
20170214172852809,-1,0,-0.1,9.3,-6.6,-112.4,2.6,0,-4.1
20170214172852809,-1,0,-0.1,9.3,-6.6,-112.4,2.6,0,-4.1
20170214172852809,-1,0,-0.1,9.3,-6.6,-112.4,2.6,0,-4.1
20170214172852809,-1,0,-0.1,9.3,-6.6,-112.4,2.6,0,-4.1
20170214172852809,-1,0,-0.1,9.3,-6.6,-112.4,2.6,0,-4.1
20170214172852809,-1,0,-0.1,9.3,-6.6,-112.4,2.6,0,-4.1
20170214172852809,-1,0,-0.1,9.3,-6.6,-112.4,2.6,0,-4.1
20170214172852809,-1,0,-0.1,9.3,-6.6,-112.4,2.6,0,-4.1
20170214172853803,0,0,-1,10.2,-7.5,-112.9,-63,129.4,-11.5
20170214172853803,0,0,-1,10.2,-7.5,-112.9,-63,129.4,-11.5
20170214172853803,0,0,-1,10.2,-7.5,-112.9,-63,129.4,-11.5
20170214172853803,0,0,-1,10.2,-7.5,-112.9,-63,129.4,-11.5
20170214172853803,0,0,-1,10.2,-7.5,-112.9,-63,129.4,-11.5
20170214172853803,0,0,-1,10.2,-7.5,-112.9,-63,129.4,-11.5
20170214172853803,0,0,-1,10.2,-7.5,-112.9,-63,129.4,-11.5
20170214172853803,0,0,-1,10.2,-7.5,-112.9,-63,129.4,-11.5
20170214172853804,0,0,-1,10.2,-7.5,-112.9,-63,129.4,-11.5
20170214172854796,0,0,-1,7.2,-8.8,-124,0.1,1.3,-4.7
20170214172854796,0,0,-1,7.2,-8.8,-124,0.1,1.3,-4.7
20170214172854796,0,0,-1,7.2,-8.8,-124,0.1,1.3,-4.7
20170214172854796,0,0,-1,7.2,-8.8,-124,0.1,1.3,-4.7
20170214172854796,0,0,-1,7.2,-8.8,-124,0.1,1.3,-4.7
20170214172854796,0,0,-1,7.2,-8.8,-124,0.1,1.3,-4.7
20170214172854796,0,0,-1,7.2,-8.8,-124,0.1,1.3,-4.7
20170214172854796,0,0,-1,7.2,-8.8,-124,0.1,1.3,-4.7
20170214172854796,0,0,-1,7.2,-8.8,-124,0.1,1.3,-4.7
20170214172855790,0,0.1,-1,1.3,-50.7,-170,2.4,0.1,-4.3
20170214172855790,0,0.1,-1,1.3,-50.7,-170,2.4,0.1,-4.3
20170214172855790,0,0.1,-1,1.3,-50.7,-170,2.4,0.1,-4.3
20170214172855790,0,0.1,-1,1.3,-50.7,-170,2.4,0.1,-4.3
20170214172855790,0,0.1,-1,1.3,-50.7,-170,2.4,0.1,-4.3
20170214172855790,0,0.1,-1,1.3,-50.7,-170,2.4,0.1,-4.3
20170214172855790,0,0.1,-1,1.3,-50.7,-170,2.4,0.1,-4.3
20170214172855790,0,0.1,-1,1.3,-50.7,-170,2.4,0.1,-4.3
20170214172855790,0,0.1,-1,1.3,-50.7,-170,2.4,0.1,-4.3
20170214172856783,0.4,-0.9,-0.3,0.6,-49.2,-170.4,1.7,0.9,-3.8
20170214172856783,0.4,-0.9,-0.3,0.6,-49.2,-170.4,1.7,0.9,-3.8
20170214172856783,0.4,-0.9,-0.3,0.6,-49.2,-170.4,1.7,0.9,-3.8
20170214172856784,0.4,-0.9,-0.3,0.6,-49.2,-170.4,1.7,0.9,-3.8
20170214172856784,0.4,-0.9,-0.3,0.6,-49.2,-170.4,1.7,0.9,-3.8
20170214172856784,0.4,-0.9,-0.3,0.6,-49.2,-170.4,1.7,0.9,-3.8
20170214172856784,0.4,-0.9,-0.3,0.6,-49.2,-170.4,1.7,0.9,-3.8
20170214172856784,0.4,-0.9,-0.3,0.6,-49.2,-170.4,1.7,0.9,-3.8
20170214172856784,0.4,-0.9,-0.3,0.6,-49.2,-170.4,1.7,0.9,-3.8
20170214172857777,0.2,-1,0,0.4,-51.1,-171.2,44.7,-27.1,-66
20170214172857777,0.2,-1,0,0.4,-51.1,-171.2,44.7,-27.1,-66
20170214172857777,0.2,-1,0,0.4,-51.1,-171.2,44.7,-27.1,-66
20170214172857777,0.2,-1,0,0.4,-51.1,-171.2,44.7,-27.1,-66
20170214172857777,0.2,-1,0,0.4,-51.1,-171.2,44.7,-27.1,-66
20170214172857777,0.2,-1,0,0.4,-51.1,-171.2,44.7,-27.1,-66
20170214172857778,0.2,-1,0,0.4,-51.1,-171.2,44.7,-27.1,-66
20170214172857778,0.2,-1,0,0.4,-51.1,-171.2,44.7,-27.1,-66
20170214172857778,0.2,-1,0,0.4,-51.1,-171.2,44.7,-27.1,-66
20170214172858771,0.1,-1,0.1,42.6,-40.8,-104.9,0.6,9,2.8
20170214172858771,0.1,-1,0.1,42.6,-40.8,-104.9,0.6,9,2.8
20170214172858771,0.1,-1,0.1,42.6,-40.8,-104.9,0.6,9,2.8
20170214172858771,0.1,-1,0.1,42.6,-40.8,-104.9,0.6,9,2.8
20170214172858771,0.1,-1,0.1,42.6,-40.8,-104.9,0.6,9,2.8
20170214172858771,0.1,-1,0.1,42.6,-40.8,-104.9,0.6,9,2.8
20170214172858771,0.1,-1,0.1,42.6,-40.8,-104.9,0.6,9,2.8
20170214172858771,0.1,-1,0.1,42.6,-40.8,-104.9,0.6,9,2.8
20170214172858771,0.1,-1,0.1,42.6,-40.8,-104.9,0.6,9,2.8
20170214172859765,-0.5,-0.3,0.1,47.4,-42.1,-93.1,-0.1,1.1,-0.5
20170214172859765,-0.5,-0.3,0.1,47.4,-42.1,-93.1,-0.1,1.1,-0.5
20170214172859765,-0.5,-0.3,0.1,47.4,-42.1,-93.1,-0.1,1.1,-0.5
20170214172859765,-0.5,-0.3,0.1,47.4,-42.1,-93.1,-0.1,1.1,-0.5
20170214172859766,-0.5,-0.3,0.1,47.4,-42.1,-93.1,-0.1,1.1,-0.5
20170214172859766,-0.5,-0.3,0.1,47.4,-42.1,-93.1,-0.1,1.1,-0.5
20170214172859768,-0.5,-0.3,0.1,47.4,-42.1,-93.1,-0.1,1.1,-0.5
20170214172859768,-0.5,-0.3,0.1,47.4,-42.1,-93.1,-0.1,1.1,-0.5
20170214172859768,-0.5,-0.3,0.1,47.4,-42.1,-93.1,-0.1,1.1,-0.5
20170214172900759,0.1,1.1,0,45.6,-39.9,-94.1,25.5,-51,109.4
20170214172900759,0.1,1.1,0,45.6,-39.9,-94.1,25.5,-51,109.4
20170214172900759,0.1,1.1,0,45.6,-39.9,-94.1,25.5,-51,109.4
20170214172900759,0.1,1.1,0,45.6,-39.9,-94.1,25.5,-51,109.4
20170214172900759,0.1,1.1,0,45.6,-39.9,-94.1,25.5,-51,109.4
20170214172900759,0.1,1.1,0,45.6,-39.9,-94.1,25.5,-51,109.4
20170214172900759,0.1,1.1,0,45.6,-39.9,-94.1,25.5,-51,109.4
20170214172900759,0.1,1.1,0,45.6,-39.9,-94.1,25.5,-51,109.4
20170214172900759,0.1,1.1,0,45.6,-39.9,-94.1,25.5,-51,109.4
20170214172901752,0.6,-1,0.1,12.3,-11.8,-109.1,-202.1,-74.6,-9.5
20170214172901752,0.6,-1,0.1,12.3,-11.8,-109.1,-202.1,-74.6,-9.5
20170214172901752,0.6,-1,0.1,12.3,-11.8,-109.1,-202.1,-74.6,-9.5
20170214172901752,0.6,-1,0.1,12.3,-11.8,-109.1,-202.1,-74.6,-9.5
20170214172901752,0.6,-1,0.1,12.3,-11.8,-109.1,-202.1,-74.6,-9.5
20170214172901752,0.6,-1,0.1,12.3,-11.8,-109.1,-202.1,-74.6,-9.5
20170214172901752,0.6,-1,0.1,12.3,-11.8,-109.1,-202.1,-74.6,-9.5
20170214172901752,0.6,-1,0.1,12.3,-11.8,-109.1,-202.1,-74.6,-9.5
20170214172901752,0.6,-1,0.1,12.3,-11.8,-109.1,-202.1,-74.6,-9.5
20170214172902746,0.2,0.9,-0.2,-58.6,-43,-152.2,-245.9,176.8,-256
20170214172902746,0.2,0.9,-0.2,-58.6,-43,-152.2,-245.9,176.8,-256
20170214172902746,0.2,0.9,-0.2,-58.6,-43,-152.2,-245.9,176.8,-256
20170214172902746,0.2,0.9,-0.2,-58.6,-43,-152.2,-245.9,176.8,-256
20170214172902746,0.2,0.9,-0.2,-58.6,-43,-152.2,-245.9,176.8,-256
20170214172902746,0.2,0.9,-0.2,-58.6,-43,-152.2,-245.9,176.8,-256
20170214172902746,0.2,0.9,-0.2,-58.6,-43,-152.2,-245.9,176.8,-256
20170214172902746,0.2,0.9,-0.2,-58.6,-43,-152.2,-245.9,176.8,-256
20170214172902746,0.2,0.9,-0.2,-58.6,-43,-152.2,-245.9,176.8,-256
20170214172903740,-0.7,-0.1,1.1,47.1,-50.5,-94,17.2,-102.1,186.9
20170214172903740,-0.7,-0.1,1.1,47.1,-50.5,-94,17.2,-102.1,186.9
20170214172903740,-0.7,-0.1,1.1,47.1,-50.5,-94,17.2,-102.1,186.9
20170214172903740,-0.7,-0.1,1.1,47.1,-50.5,-94,17.2,-102.1,186.9
20170214172903740,-0.7,-0.1,1.1,47.1,-50.5,-94,17.2,-102.1,186.9
20170214172903740,-0.7,-0.1,1.1,47.1,-50.5,-94,17.2,-102.1,186.9
20170214172903740,-0.7,-0.1,1.1,47.1,-50.5,-94,17.2,-102.1,186.9
20170214172903740,-0.7,-0.1,1.1,47.1,-50.5,-94,17.2,-102.1,186.9
20170214172903743,-0.7,-0.1,1.1,47.1,-50.5,-94,17.2,-102.1,186.9
20170214172904733,0.1,0.6,-0.7,-50.5,-52.2,-174.9,256,14.9,188.5
20170214172904734,0.1,0.6,-0.7,-50.5,-52.2,-174.9,256,14.9,188.5
20170214172904734,0.1,0.6,-0.7,-50.5,-52.2,-174.9,256,14.9,188.5
20170214172904734,0.1,0.6,-0.7,-50.5,-52.2,-174.9,256,14.9,188.5
20170214172904734,0.1,0.6,-0.7,-50.5,-52.2,-174.9,256,14.9,188.5
20170214172904734,0.1,0.6,-0.7,-50.5,-52.2,-174.9,256,14.9,188.5
20170214172904734,0.1,0.6,-0.7,-50.5,-52.2,-174.9,256,14.9,188.5
20170214172904734,0.1,0.6,-0.7,-50.5,-52.2,-174.9,256,14.9,188.5
20170214172904734,0.1,0.6,-0.7,-50.5,-52.2,-174.9,256,14.9,188.5
20170214172905727,0,0,-1,-36.1,-26.8,-101.3,97.3,3.9,-3.7
20170214172905727,0,0,-1,-36.1,-26.8,-101.3,97.3,3.9,-3.7
20170214172905727,0,0,-1,-36.1,-26.8,-101.3,97.3,3.9,-3.7
20170214172905727,0,0,-1,-36.1,-26.8,-101.3,97.3,3.9,-3.7
20170214172905727,0,0,-1,-36.1,-26.8,-101.3,97.3,3.9,-3.7
20170214172905727,0,0,-1,-36.1,-26.8,-101.3,97.3,3.9,-3.7
20170214172905727,0,0,-1,-36.1,-26.8,-101.3,97.3,3.9,-3.7
20170214172905727,0,0,-1,-36.1,-26.8,-101.3,97.3,3.9,-3.7
20170214172905727,0,0,-1,-36.1,-26.8,-101.3,97.3,3.9,-3.7
20170214172906721,0.1,0.1,-0.9,-33.3,-45.6,-190.8,0.5,0.2,-2.2
20170214172906721,0.1,0.1,-0.9,-33.3,-45.6,-190.8,0.5,0.2,-2.2
20170214172906721,0.1,0.1,-0.9,-33.3,-45.6,-190.8,0.5,0.2,-2.2
20170214172906721,0.1,0.1,-0.9,-33.3,-45.6,-190.8,0.5,0.2,-2.2
20170214172906721,0.1,0.1,-0.9,-33.3,-45.6,-190.8,0.5,0.2,-2.2
20170214172906721,0.1,0.1,-0.9,-33.3,-45.6,-190.8,0.5,0.2,-2.2
20170214172906721,0.1,0.1,-0.9,-33.3,-45.6,-190.8,0.5,0.2,-2.2
20170214172906721,0.1,0.1,-0.9,-33.3,-45.6,-190.8,0.5,0.2,-2.2
20170214172906721,0.1,0.1,-0.9,-33.3,-45.6,-190.8,0.5,0.2,-2.2
20170214172907715,-1,0,0,5.2,-44.5,-169.4,-0.9,-0.5,-2.9
20170214172907715,-1,0,0,5.2,-44.5,-169.4,-0.9,-0.5,-2.9
20170214172907715,-1,0,0,5.2,-44.5,-169.4,-0.9,-0.5,-2.9
20170214172907715,-1,0,0,5.2,-44.5,-169.4,-0.9,-0.5,-2.9
20170214172907715,-1,0,0,5.2,-44.5,-169.4,-0.9,-0.5,-2.9
20170214172907715,-1,0,0,5.2,-44.5,-169.4,-0.9,-0.5,-2.9
20170214172907715,-1,0,0,5.2,-44.5,-169.4,-0.9,-0.5,-2.9
20170214172907715,-1,0,0,5.2,-44.5,-169.4,-0.9,-0.5,-2.9
20170214172907715,-1,0,0,5.2,-44.5,-169.4,-0.9,-0.5,-2.9
20170214172908708,-1,0.1,0,6.3,-43.2,-171.8,-4.5,-4.4,-3.1
20170214172908708,-1,0.1,0,6.3,-43.2,-171.8,-4.5,-4.4,-3.1
20170214172908709,-1,0.1,0,6.3,-43.2,-171.8,-4.5,-4.4,-3.1
20170214172908709,-1,0.1,0,6.3,-43.2,-171.8,-4.5,-4.4,-3.1
20170214172908709,-1,0.1,0,6.3,-43.2,-171.8,-4.5,-4.4,-3.1
20170214172908709,-1,0.1,0,6.3,-43.2,-171.8,-4.5,-4.4,-3.1
20170214172908709,-1,0.1,0,6.3,-43.2,-171.8,-4.5,-4.4,-3.1
20170214172908709,-1,0.1,0,6.3,-43.2,-171.8,-4.5,-4.4,-3.1
20170214172908709,-1,0.1,0,6.3,-43.2,-171.8,-4.5,-4.4,-3.1
20170214172909704,-0.7,0.7,0,12.1,-3.7,-101.2,1,0.6,-3.9
20170214172909704,-0.7,0.7,0,12.1,-3.7,-101.2,1,0.6,-3.9
20170214172909704,-0.7,0.7,0,12.1,-3.7,-101.2,1,0.6,-3.9
20170214172909704,-0.7,0.7,0,12.1,-3.7,-101.2,1,0.6,-3.9
20170214172909704,-0.7,0.7,0,12.1,-3.7,-101.2,1,0.6,-3.9
20170214172909704,-0.7,0.7,0,12.1,-3.7,-101.2,1,0.6,-3.9
20170214172909704,-0.7,0.7,0,12.1,-3.7,-101.2,1,0.6,-3.9
20170214172909704,-0.7,0.7,0,12.1,-3.7,-101.2,1,0.6,-3.9
20170214172909704,-0.7,0.7,0,12.1,-3.7,-101.2,1,0.6,-3.9
20170214172910696,0,0.9,0.1,10.5,-6.1,-101.9,-40.1,19.8,182.3
20170214172910696,0,0.9,0.1,10.5,-6.1,-101.9,-40.1,19.8,182.3
20170214172910696,0,0.9,0.1,10.5,-6.1,-101.9,-40.1,19.8,182.3
20170214172910696,0,0.9,0.1,10.5,-6.1,-101.9,-40.1,19.8,182.3
20170214172910696,0,0.9,0.1,10.5,-6.1,-101.9,-40.1,19.8,182.3
20170214172910696,0,0.9,0.1,10.5,-6.1,-101.9,-40.1,19.8,182.3
20170214172910696,0,0.9,0.1,10.5,-6.1,-101.9,-40.1,19.8,182.3
20170214172910696,0,0.9,0.1,10.5,-6.1,-101.9,-40.1,19.8,182.3
20170214172910696,0,0.9,0.1,10.5,-6.1,-101.9,-40.1,19.8,182.3
20170214172911689,0,1,0.1,-36.1,-13.2,-133.7,2.4,-0.2,-3.8
20170214172911690,0,1,0.1,-36.1,-13.2,-133.7,2.4,-0.2,-3.8
20170214172911690,0,1,0.1,-36.1,-13.2,-133.7,2.4,-0.2,-3.8
20170214172911690,0,1,0.1,-36.1,-13.2,-133.7,2.4,-0.2,-3.8
20170214172911690,0,1,0.1,-36.1,-13.2,-133.7,2.4,-0.2,-3.8
20170214172911690,0,1,0.1,-36.1,-13.2,-133.7,2.4,-0.2,-3.8
20170214172911690,0,1,0.1,-36.1,-13.2,-133.7,2.4,-0.2,-3.8
20170214172911690,0,1,0.1,-36.1,-13.2,-133.7,2.4,-0.2,-3.8
20170214172911690,0,1,0.1,-36.1,-13.2,-133.7,2.4,-0.2,-3.8
20170214172912683,0,1,0,-62.7,-40.3,-149.5,1.2,-0.2,-1.9
20170214172912683,0,1,0,-62.7,-40.3,-149.5,1.2,-0.2,-1.9
20170214172912684,0,1,0,-62.7,-40.3,-149.5,1.2,-0.2,-1.9
20170214172912684,0,1,0,-62.7,-40.3,-149.5,1.2,-0.2,-1.9
20170214172912684,0,1,0,-62.7,-40.3,-149.5,1.2,-0.2,-1.9
20170214172912684,0,1,0,-62.7,-40.3,-149.5,1.2,-0.2,-1.9
20170214172912684,0,1,0,-62.7,-40.3,-149.5,1.2,-0.2,-1.9
20170214172912684,0,1,0,-62.7,-40.3,-149.5,1.2,-0.2,-1.9
20170214172912684,0,1,0,-62.7,-40.3,-149.5,1.2,-0.2,-1.9
20170214172913876,0,1.1,0,-63.3,-40.5,-149.8,1.8,-0.8,-3.6
20170214172913876,0,1.1,0,-63.3,-40.5,-149.8,1.8,-0.8,-3.6
20170214172913876,0,1.1,0,-63.3,-40.5,-149.8,1.8,-0.8,-3.6
20170214172913876,0,1.1,0,-63.3,-40.5,-149.8,1.8,-0.8,-3.6
20170214172913876,0,1.1,0,-63.3,-40.5,-149.8,1.8,-0.8,-3.6
20170214172913876,0,1.1,0,-63.3,-40.5,-149.8,1.8,-0.8,-3.6
20170214172913876,0,1.1,0,-63.3,-40.5,-149.8,1.8,-0.8,-3.6
20170214172913876,0,1.1,0,-63.3,-40.5,-149.8,1.8,-0.8,-3.6
20170214172913876,0,1.1,0,-63.3,-40.5,-149.8,1.8,-0.8,-3.6
20170214172914870,0,1,0,-63.6,-39.1,-150.7,0.2,1,-4.1
20170214172914870,0,1,0,-63.6,-39.1,-150.7,0.2,1,-4.1
20170214172914870,0,1,0,-63.6,-39.1,-150.7,0.2,1,-4.1
20170214172914870,0,1,0,-63.6,-39.1,-150.7,0.2,1,-4.1
20170214172914870,0,1,0,-63.6,-39.1,-150.7,0.2,1,-4.1
20170214172914870,0,1,0,-63.6,-39.1,-150.7,0.2,1,-4.1
20170214172914870,0,1,0,-63.6,-39.1,-150.7,0.2,1,-4.1
20170214172914870,0,1,0,-63.6,-39.1,-150.7,0.2,1,-4.1
20170214172914870,0,1,0,-63.6,-39.1,-150.7,0.2,1,-4.1
20170214172915863,0,1,0.1,-63,-39.6,-150.2,-0.2,0.6,-5.1
20170214172915863,0,1,0.1,-63,-39.6,-150.2,-0.2,0.6,-5.1
20170214172915863,0,1,0.1,-63,-39.6,-150.2,-0.2,0.6,-5.1
20170214172915863,0,1,0.1,-63,-39.6,-150.2,-0.2,0.6,-5.1
20170214172915863,0,1,0.1,-63,-39.6,-150.2,-0.2,0.6,-5.1
20170214172915863,0,1,0.1,-63,-39.6,-150.2,-0.2,0.6,-5.1
20170214172915863,0,1,0.1,-63,-39.6,-150.2,-0.2,0.6,-5.1
20170214172915863,0,1,0.1,-63,-39.6,-150.2,-0.2,0.6,-5.1
20170214172915863,0,1,0.1,-63,-39.6,-150.2,-0.2,0.6,-5.1
20170214172916857,-0.9,0.1,-0.2,-63.7,-39.3,-152.3,0.7,0.2,-3.7
20170214172916857,-0.9,0.1,-0.2,-63.7,-39.3,-152.3,0.7,0.2,-3.7
20170214172916857,-0.9,0.1,-0.2,-63.7,-39.3,-152.3,0.7,0.2,-3.7
20170214172916857,-0.9,0.1,-0.2,-63.7,-39.3,-152.3,0.7,0.2,-3.7
20170214172916857,-0.9,0.1,-0.2,-63.7,-39.3,-152.3,0.7,0.2,-3.7
20170214172916857,-0.9,0.1,-0.2,-63.7,-39.3,-152.3,0.7,0.2,-3.7
20170214172916857,-0.9,0.1,-0.2,-63.7,-39.3,-152.3,0.7,0.2,-3.7
20170214172916857,-0.9,0.1,-0.2,-63.7,-39.3,-152.3,0.7,0.2,-3.7
20170214172916857,-0.9,0.1,-0.2,-63.7,-39.3,-152.3,0.7,0.2,-3.7
20170214172917851,-1,0,0.1,-62.7,-40.3,-148.9,14.3,8.6,-52.1
20170214172917851,-1,0,0.1,-62.7,-40.3,-148.9,14.3,8.6,-52.1
20170214172917851,-1,0,0.1,-62.7,-40.3,-148.9,14.3,8.6,-52.1
20170214172917851,-1,0,0.1,-62.7,-40.3,-148.9,14.3,8.6,-52.1
20170214172917851,-1,0,0.1,-62.7,-40.3,-148.9,14.3,8.6,-52.1
20170214172917851,-1,0,0.1,-62.7,-40.3,-148.9,14.3,8.6,-52.1
20170214172917851,-1,0,0.1,-62.7,-40.3,-148.9,14.3,8.6,-52.1
20170214172917851,-1,0,0.1,-62.7,-40.3,-148.9,14.3,8.6,-52.1
20170214172917851,-1,0,0.1,-62.7,-40.3,-148.9,14.3,8.6,-52.1
20170214172918845,-1,0,0,2.7,-7.9,-122.2,1.4,-1,-4.7
20170214172918845,-1,0,0,2.7,-7.9,-122.2,1.4,-1,-4.7
20170214172918845,-1,0,0,2.7,-7.9,-122.2,1.4,-1,-4.7
20170214172918845,-1,0,0,2.7,-7.9,-122.2,1.4,-1,-4.7
20170214172918846,-1,0,0,2.7,-7.9,-122.2,1.4,-1,-4.7
20170214172918846,-1,0,0,2.7,-7.9,-122.2,1.4,-1,-4.7
20170214172918846,-1,0,0,2.7,-7.9,-122.2,1.4,-1,-4.7
20170214172918846,-1,0,0,2.7,-7.9,-122.2,1.4,-1,-4.7
20170214172918846,-1,0,0,2.7,-7.9,-122.2,1.4,-1,-4.7
20170214172919838,-1,0,0,11.2,-6.1,-103,0.9,0.6,-2.2
20170214172919838,-1,0,0,11.2,-6.1,-103,0.9,0.6,-2.2
20170214172919838,-1,0,0,11.2,-6.1,-103,0.9,0.6,-2.2
20170214172919838,-1,0,0,11.2,-6.1,-103,0.9,0.6,-2.2
20170214172919838,-1,0,0,11.2,-6.1,-103,0.9,0.6,-2.2
20170214172919838,-1,0,0,11.2,-6.1,-103,0.9,0.6,-2.2
20170214172919838,-1,0,0,11.2,-6.1,-103,0.9,0.6,-2.2
20170214172919839,-1,0,0,11.2,-6.1,-103,0.9,0.6,-2.2
20170214172919839,-1,0,0,11.2,-6.1,-103,0.9,0.6,-2.2
20170214172920832,-1,-0.1,0.1,12.1,-6.6,-102.8,0.9,-0.2,-3.3
20170214172920832,-1,-0.1,0.1,12.1,-6.6,-102.8,0.9,-0.2,-3.3
20170214172920832,-1,-0.1,0.1,12.1,-6.6,-102.8,0.9,-0.2,-3.3
20170214172920832,-1,-0.1,0.1,12.1,-6.6,-102.8,0.9,-0.2,-3.3
20170214172920832,-1,-0.1,0.1,12.1,-6.6,-102.8,0.9,-0.2,-3.3
20170214172920832,-1,-0.1,0.1,12.1,-6.6,-102.8,0.9,-0.2,-3.3
20170214172920832,-1,-0.1,0.1,12.1,-6.6,-102.8,0.9,-0.2,-3.3
20170214172920832,-1,-0.1,0.1,12.1,-6.6,-102.8,0.9,-0.2,-3.3
20170214172920832,-1,-0.1,0.1,12.1,-6.6,-102.8,0.9,-0.2,-3.3
20170214172921826,0,0,-1.1,13.3,-6.4,-103.3,74,251,-0.5
20170214172921826,0,0,-1.1,13.3,-6.4,-103.3,74,251,-0.5
20170214172921826,0,0,-1.1,13.3,-6.4,-103.3,74,251,-0.5
20170214172921826,0,0,-1.1,13.3,-6.4,-103.3,74,251,-0.5
20170214172921826,0,0,-1.1,13.3,-6.4,-103.3,74,251,-0.5
20170214172921826,0,0,-1.1,13.3,-6.4,-103.3,74,251,-0.5
20170214172921826,0,0,-1.1,13.3,-6.4,-103.3,74,251,-0.5
20170214172921826,0,0,-1.1,13.3,-6.4,-103.3,74,251,-0.5
20170214172921826,0,0,-1.1,13.3,-6.4,-103.3,74,251,-0.5
20170214172922820,0,0,-1,11.5,-7.5,-111.8,1.4,-0.5,-2.8
20170214172922820,0,0,-1,11.5,-7.5,-111.8,1.4,-0.5,-2.8
20170214172922820,0,0,-1,11.5,-7.5,-111.8,1.4,-0.5,-2.8
20170214172922820,0,0,-1,11.5,-7.5,-111.8,1.4,-0.5,-2.8
20170214172922820,0,0,-1,11.5,-7.5,-111.8,1.4,-0.5,-2.8
20170214172922820,0,0,-1,11.5,-7.5,-111.8,1.4,-0.5,-2.8
20170214172922820,0,0,-1,11.5,-7.5,-111.8,1.4,-0.5,-2.8
20170214172922820,0,0,-1,11.5,-7.5,-111.8,1.4,-0.5,-2.8
20170214172922820,0,0,-1,11.5,-7.5,-111.8,1.4,-0.5,-2.8
20170214172923814,0,0,-1,5.1,-44.1,-169.5,2.5,0.6,-3.4
20170214172923814,0,0,-1,5.1,-44.1,-169.5,2.5,0.6,-3.4
20170214172923814,0,0,-1,5.1,-44.1,-169.5,2.5,0.6,-3.4
20170214172923814,0,0,-1,5.1,-44.1,-169.5,2.5,0.6,-3.4
20170214172923814,0,0,-1,5.1,-44.1,-169.5,2.5,0.6,-3.4
20170214172923814,0,0,-1,5.1,-44.1,-169.5,2.5,0.6,-3.4
20170214172923814,0,0,-1,5.1,-44.1,-169.5,2.5,0.6,-3.4
20170214172923814,0,0,-1,5.1,-44.1,-169.5,2.5,0.6,-3.4
20170214172923814,0,0,-1,5.1,-44.1,-169.5,2.5,0.6,-3.4
20170214172924807,0,0,-1,5.4,-44.4,-170.9,3.1,5.5,-0.8
20170214172924807,0,0,-1,5.4,-44.4,-170.9,3.1,5.5,-0.8
20170214172924808,0,0,-1,5.4,-44.4,-170.9,3.1,5.5,-0.8
20170214172924808,0,0,-1,5.4,-44.4,-170.9,3.1,5.5,-0.8
20170214172924808,0,0,-1,5.4,-44.4,-170.9,3.1,5.5,-0.8
20170214172924808,0,0,-1,5.4,-44.4,-170.9,3.1,5.5,-0.8
20170214172924808,0,0,-1,5.4,-44.4,-170.9,3.1,5.5,-0.8
20170214172924808,0,0,-1,5.4,-44.4,-170.9,3.1,5.5,-0.8
20170214172924808,0,0,-1,5.4,-44.4,-170.9,3.1,5.5,-0.8
20170214172925801,-0.9,0.3,0,6.1,-44.1,-170.1,-0.6,-26.7,-5.8
20170214172925801,-0.9,0.3,0,6.1,-44.1,-170.1,-0.6,-26.7,-5.8
20170214172925801,-0.9,0.3,0,6.1,-44.1,-170.1,-0.6,-26.7,-5.8
20170214172925801,-0.9,0.3,0,6.1,-44.1,-170.1,-0.6,-26.7,-5.8
20170214172925801,-0.9,0.3,0,6.1,-44.1,-170.1,-0.6,-26.7,-5.8
20170214172925801,-0.9,0.3,0,6.1,-44.1,-170.1,-0.6,-26.7,-5.8
20170214172925801,-0.9,0.3,0,6.1,-44.1,-170.1,-0.6,-26.7,-5.8
20170214172925801,-0.9,0.3,0,6.1,-44.1,-170.1,-0.6,-26.7,-5.8
20170214172925801,-0.9,0.3,0,6.1,-44.1,-170.1,-0.6,-26.7,-5.8
20170214172926795,-1,0,-0.1,6.9,-43.3,-169.8,-33.2,6.3,-19.6
20170214172926795,-1,0,-0.1,6.9,-43.3,-169.8,-33.2,6.3,-19.6
20170214172926795,-1,0,-0.1,6.9,-43.3,-169.8,-33.2,6.3,-19.6
20170214172926795,-1,0,-0.1,6.9,-43.3,-169.8,-33.2,6.3,-19.6
20170214172926795,-1,0,-0.1,6.9,-43.3,-169.8,-33.2,6.3,-19.6
20170214172926795,-1,0,-0.1,6.9,-43.3,-169.8,-33.2,6.3,-19.6
20170214172926795,-1,0,-0.1,6.9,-43.3,-169.8,-33.2,6.3,-19.6
20170214172926795,-1,0,-0.1,6.9,-43.3,-169.8,-33.2,6.3,-19.6
20170214172926795,-1,0,-0.1,6.9,-43.3,-169.8,-33.2,6.3,-19.6
20170214172927788,-0.8,-0.1,-0.3,-10.6,-10.8,-131.8,-29.6,-43.2,-19.7
20170214172927788,-0.8,-0.1,-0.3,-10.6,-10.8,-131.8,-29.6,-43.2,-19.7
20170214172927788,-0.8,-0.1,-0.3,-10.6,-10.8,-131.8,-29.6,-43.2,-19.7
20170214172927788,-0.8,-0.1,-0.3,-10.6,-10.8,-131.8,-29.6,-43.2,-19.7
20170214172927788,-0.8,-0.1,-0.3,-10.6,-10.8,-131.8,-29.6,-43.2,-19.7
20170214172927788,-0.8,-0.1,-0.3,-10.6,-10.8,-131.8,-29.6,-43.2,-19.7
20170214172927788,-0.8,-0.1,-0.3,-10.6,-10.8,-131.8,-29.6,-43.2,-19.7
20170214172927788,-0.8,-0.1,-0.3,-10.6,-10.8,-131.8,-29.6,-43.2,-19.7
20170214172927788,-0.8,-0.1,-0.3,-10.6,-10.8,-131.8,-29.6,-43.2,-19.7
20170214172928782,-1,0.1,0,-1.9,-12,-135.7,256,-38.9,256
20170214172928782,-1,0.1,0,-1.9,-12,-135.7,256,-38.9,256
20170214172928782,-1,0.1,0,-1.9,-12,-135.7,256,-38.9,256
20170214172928782,-1,0.1,0,-1.9,-12,-135.7,256,-38.9,256
20170214172928782,-1,0.1,0,-1.9,-12,-135.7,256,-38.9,256
20170214172928782,-1,0.1,0,-1.9,-12,-135.7,256,-38.9,256
20170214172928782,-1,0.1,0,-1.9,-12,-135.7,256,-38.9,256
20170214172928782,-1,0.1,0,-1.9,-12,-135.7,256,-38.9,256
20170214172928782,-1,0.1,0,-1.9,-12,-135.7,256,-38.9,256
20170214172929776,-1,0,0,17.4,-14.1,-118.6,0.8,-15,-4
20170214172929776,-1,0,0,17.4,-14.1,-118.6,0.8,-15,-4
20170214172929776,-1,0,0,17.4,-14.1,-118.6,0.8,-15,-4
20170214172929776,-1,0,0,17.4,-14.1,-118.6,0.8,-15,-4
20170214172929776,-1,0,0,17.4,-14.1,-118.6,0.8,-15,-4
20170214172929776,-1,0,0,17.4,-14.1,-118.6,0.8,-15,-4
20170214172929776,-1,0,0,17.4,-14.1,-118.6,0.8,-15,-4
20170214172929776,-1,0,0,17.4,-14.1,-118.6,0.8,-15,-4
20170214172929776,-1,0,0,17.4,-14.1,-118.6,0.8,-15,-4
20170214172930770,-0.9,0,0.1,14.4,-5.1,-100.3,0.6,0.5,-3.1
20170214172930770,-0.9,0,0.1,14.4,-5.1,-100.3,0.6,0.5,-3.1
20170214172930770,-0.9,0,0.1,14.4,-5.1,-100.3,0.6,0.5,-3.1
20170214172930770,-0.9,0,0.1,14.4,-5.1,-100.3,0.6,0.5,-3.1
20170214172930770,-0.9,0,0.1,14.4,-5.1,-100.3,0.6,0.5,-3.1
20170214172930770,-0.9,0,0.1,14.4,-5.1,-100.3,0.6,0.5,-3.1
20170214172930770,-0.9,0,0.1,14.4,-5.1,-100.3,0.6,0.5,-3.1
20170214172930770,-0.9,0,0.1,14.4,-5.1,-100.3,0.6,0.5,-3.1
20170214172930770,-0.9,0,0.1,14.4,-5.1,-100.3,0.6,0.5,-3.1
20170214172931763,-0.9,0,0,16.3,-4.2,-100.1,1.9,0.7,-2.4
20170214172931763,-0.9,0,0,16.3,-4.2,-100.1,1.9,0.7,-2.4
20170214172931763,-0.9,0,0,16.3,-4.2,-100.1,1.9,0.7,-2.4
20170214172931763,-0.9,0,0,16.3,-4.2,-100.1,1.9,0.7,-2.4
20170214172931764,-0.9,0,0,16.3,-4.2,-100.1,1.9,0.7,-2.4
20170214172931764,-0.9,0,0,16.3,-4.2,-100.1,1.9,0.7,-2.4
20170214172931764,-0.9,0,0,16.3,-4.2,-100.1,1.9,0.7,-2.4
20170214172931764,-0.9,0,0,16.3,-4.2,-100.1,1.9,0.7,-2.4
20170214172931764,-0.9,0,0,16.3,-4.2,-100.1,1.9,0.7,-2.4
20170214172932757,-1,0.1,0,15.9,-4.6,-101.3,1,1.6,-2.6
20170214172932757,-1,0.1,0,15.9,-4.6,-101.3,1,1.6,-2.6
20170214172932757,-1,0.1,0,15.9,-4.6,-101.3,1,1.6,-2.6
20170214172932757,-1,0.1,0,15.9,-4.6,-101.3,1,1.6,-2.6
20170214172932757,-1,0.1,0,15.9,-4.6,-101.3,1,1.6,-2.6
20170214172932757,-1,0.1,0,15.9,-4.6,-101.3,1,1.6,-2.6
20170214172932757,-1,0.1,0,15.9,-4.6,-101.3,1,1.6,-2.6
20170214172932757,-1,0.1,0,15.9,-4.6,-101.3,1,1.6,-2.6
20170214172932757,-1,0.1,0,15.9,-4.6,-101.3,1,1.6,-2.6
20170214172933751,-1,0,0.1,17.4,-4.9,-100.1,1.9,1.1,-3.9
20170214172933751,-1,0,0.1,17.4,-4.9,-100.1,1.9,1.1,-3.9
20170214172933751,-1,0,0.1,17.4,-4.9,-100.1,1.9,1.1,-3.9
20170214172933751,-1,0,0.1,17.4,-4.9,-100.1,1.9,1.1,-3.9
20170214172933751,-1,0,0.1,17.4,-4.9,-100.1,1.9,1.1,-3.9
20170214172933751,-1,0,0.1,17.4,-4.9,-100.1,1.9,1.1,-3.9
20170214172933751,-1,0,0.1,17.4,-4.9,-100.1,1.9,1.1,-3.9
20170214172933751,-1,0,0.1,17.4,-4.9,-100.1,1.9,1.1,-3.9
20170214172933751,-1,0,0.1,17.4,-4.9,-100.1,1.9,1.1,-3.9
20170214172934745,-1,0,0.1,15.3,-4.2,-100.1,0.5,2.6,-3.3
20170214172934745,-1,0,0.1,15.3,-4.2,-100.1,0.5,2.6,-3.3
20170214172934745,-1,0,0.1,15.3,-4.2,-100.1,0.5,2.6,-3.3
20170214172934745,-1,0,0.1,15.3,-4.2,-100.1,0.5,2.6,-3.3
20170214172934745,-1,0,0.1,15.3,-4.2,-100.1,0.5,2.6,-3.3
20170214172934745,-1,0,0.1,15.3,-4.2,-100.1,0.5,2.6,-3.3
20170214172934745,-1,0,0.1,15.3,-4.2,-100.1,0.5,2.6,-3.3
20170214172934745,-1,0,0.1,15.3,-4.2,-100.1,0.5,2.6,-3.3
20170214172934745,-1,0,0.1,15.3,-4.2,-100.1,0.5,2.6,-3.3
20170214172935738,-1,0,0.1,15.4,-5.7,-101.9,1.2,1,-3.4
20170214172935738,-1,0,0.1,15.4,-5.7,-101.9,1.2,1,-3.4
20170214172935738,-1,0,0.1,15.4,-5.7,-101.9,1.2,1,-3.4
20170214172935739,-1,0,0.1,15.4,-5.7,-101.9,1.2,1,-3.4
20170214172935739,-1,0,0.1,15.4,-5.7,-101.9,1.2,1,-3.4
20170214172935739,-1,0,0.1,15.4,-5.7,-101.9,1.2,1,-3.4
20170214172935739,-1,0,0.1,15.4,-5.7,-101.9,1.2,1,-3.4
20170214172935739,-1,0,0.1,15.4,-5.7,-101.9,1.2,1,-3.4
20170214172935739,-1,0,0.1,15.4,-5.7,-101.9,1.2,1,-3.4
