Timestamp,AccelX,AccelY,AccelZ,MagX,MagY,MagZ,GyroX,GyroY,GyroZ
20170214151626633,-1,0,0,0,0,0,0,0,0
20170214151626636,-1,0,0,0,0,0,0,0,0
20170214151626636,-1,0,0,0,0,0,0,0,0
20170214151626636,-1,0,0,0,0,0,0,0,0
20170214151626636,-1,0,0,0,0,0,0,0,0
20170214151626636,-1,0,0,0,0,0,0,0,0
20170214151626636,-1,0,0,0,0,0,0,0,0
20170214151626636,-1,0,0,0,0,0,0,0,0
20170214151626636,-1,0,0,0,0,0,0,0,0
20170214151627625,-1,0,0,-0.4,-11.4,-101.6,0.4,0.1,-4
20170214151627625,-1,0,0,-0.4,-11.4,-101.6,0.4,0.1,-4
20170214151627625,-1,0,0,-0.4,-11.4,-101.6,0.4,0.1,-4
20170214151627625,-1,0,0,-0.4,-11.4,-101.6,0.4,0.1,-4
20170214151627625,-1,0,0,-0.4,-11.4,-101.6,0.4,0.1,-4
20170214151627625,-1,0,0,-0.4,-11.4,-101.6,0.4,0.1,-4
20170214151627625,-1,0,0,-0.4,-11.4,-101.6,0.4,0.1,-4
20170214151627625,-1,0,0,-0.4,-11.4,-101.6,0.4,0.1,-4
20170214151627625,-1,0,0,-0.4,-11.4,-101.6,0.4,0.1,-4
20170214151628618,-1,0,0.1,0.1,-11.7,-100.7,1.4,-0.3,-7.3
20170214151628619,-1,0,0.1,0.1,-11.7,-100.7,1.4,-0.3,-7.3
20170214151628619,-1,0,0.1,0.1,-11.7,-100.7,1.4,-0.3,-7.3
20170214151628619,-1,0,0.1,0.1,-11.7,-100.7,1.4,-0.3,-7.3
20170214151628619,-1,0,0.1,0.1,-11.7,-100.7,1.4,-0.3,-7.3
20170214151628619,-1,0,0.1,0.1,-11.7,-100.7,1.4,-0.3,-7.3
20170214151628619,-1,0,0.1,0.1,-11.7,-100.7,1.4,-0.3,-7.3
20170214151628619,-1,0,0.1,0.1,-11.7,-100.7,1.4,-0.3,-7.3
20170214151628619,-1,0,0.1,0.1,-11.7,-100.7,1.4,-0.3,-7.3
20170214151629612,-1,0,0.1,0.7,-9.1,-100.7,1.3,1,-4.3
20170214151629612,-1,0,0.1,0.7,-9.1,-100.7,1.3,1,-4.3
20170214151629612,-1,0,0.1,0.7,-9.1,-100.7,1.3,1,-4.3
20170214151629612,-1,0,0.1,0.7,-9.1,-100.7,1.3,1,-4.3
20170214151629612,-1,0,0.1,0.7,-9.1,-100.7,1.3,1,-4.3
20170214151629613,-1,0,0.1,0.7,-9.1,-100.7,1.3,1,-4.3
20170214151629613,-1,0,0.1,0.7,-9.1,-100.7,1.3,1,-4.3
20170214151629613,-1,0,0.1,0.7,-9.1,-100.7,1.3,1,-4.3
20170214151629613,-1,0,0.1,0.7,-9.1,-100.7,1.3,1,-4.3
20170214151630606,-1,0,0.1,1.2,-10.6,-101.2,0.8,0.4,-4.5
20170214151630606,-1,0,0.1,1.2,-10.6,-101.2,0.8,0.4,-4.5
20170214151630606,-1,0,0.1,1.2,-10.6,-101.2,0.8,0.4,-4.5
20170214151630606,-1,0,0.1,1.2,-10.6,-101.2,0.8,0.4,-4.5
20170214151630606,-1,0,0.1,1.2,-10.6,-101.2,0.8,0.4,-4.5
20170214151630606,-1,0,0.1,1.2,-10.6,-101.2,0.8,0.4,-4.5
20170214151630606,-1,0,0.1,1.2,-10.6,-101.2,0.8,0.4,-4.5
20170214151630606,-1,0,0.1,1.2,-10.6,-101.2,0.8,0.4,-4.5
20170214151630606,-1,0,0.1,1.2,-10.6,-101.2,0.8,0.4,-4.5
20170214151631599,-1,0,0,-0.3,-10.9,-101.2,1.2,-0.2,-3.3
20170214151631599,-1,0,0,-0.3,-10.9,-101.2,1.2,-0.2,-3.3
20170214151631600,-1,0,0,-0.3,-10.9,-101.2,1.2,-0.2,-3.3
20170214151631600,-1,0,0,-0.3,-10.9,-101.2,1.2,-0.2,-3.3
20170214151631600,-1,0,0,-0.3,-10.9,-101.2,1.2,-0.2,-3.3
20170214151631600,-1,0,0,-0.3,-10.9,-101.2,1.2,-0.2,-3.3
20170214151631600,-1,0,0,-0.3,-10.9,-101.2,1.2,-0.2,-3.3
20170214151631600,-1,0,0,-0.3,-10.9,-101.2,1.2,-0.2,-3.3
20170214151631600,-1,0,0,-0.3,-10.9,-101.2,1.2,-0.2,-3.3
20170214151632593,-1,0,0.1,0.7,-10.2,-101.8,2.5,-0.1,-3.7
20170214151632593,-1,0,0.1,0.7,-10.2,-101.8,2.5,-0.1,-3.7
20170214151632593,-1,0,0.1,0.7,-10.2,-101.8,2.5,-0.1,-3.7
20170214151632593,-1,0,0.1,0.7,-10.2,-101.8,2.5,-0.1,-3.7
20170214151632593,-1,0,0.1,0.7,-10.2,-101.8,2.5,-0.1,-3.7
20170214151632593,-1,0,0.1,0.7,-10.2,-101.8,2.5,-0.1,-3.7
20170214151632594,-1,0,0.1,0.7,-10.2,-101.8,2.5,-0.1,-3.7
20170214151632594,-1,0,0.1,0.7,-10.2,-101.8,2.5,-0.1,-3.7
20170214151632595,-1,0,0.1,0.7,-10.2,-101.8,2.5,-0.1,-3.7
20170214151633587,-1,0,0.1,0.7,-10.6,-102.1,2.3,-0.2,-6.4
20170214151633588,-1,0,0.1,0.7,-10.6,-102.1,2.3,-0.2,-6.4
20170214151633588,-1,0,0.1,0.7,-10.6,-102.1,2.3,-0.2,-6.4
20170214151633588,-1,0,0.1,0.7,-10.6,-102.1,2.3,-0.2,-6.4
20170214151633588,-1,0,0.1,0.7,-10.6,-102.1,2.3,-0.2,-6.4
20170214151633588,-1,0,0.1,0.7,-10.6,-102.1,2.3,-0.2,-6.4
20170214151633588,-1,0,0.1,0.7,-10.6,-102.1,2.3,-0.2,-6.4
20170214151633588,-1,0,0.1,0.7,-10.6,-102.1,2.3,-0.2,-6.4
20170214151633590,-1,0,0.1,0.7,-10.6,-102.1,2.3,-0.2,-6.4
20170214151634582,-1,-0.1,0.1,2.4,-9,-101.6,1.2,-0.1,-5.7
20170214151634582,-1,-0.1,0.1,2.4,-9,-101.6,1.2,-0.1,-5.7
20170214151634582,-1,-0.1,0.1,2.4,-9,-101.6,1.2,-0.1,-5.7
20170214151634582,-1,-0.1,0.1,2.4,-9,-101.6,1.2,-0.1,-5.7
20170214151634583,-1,-0.1,0.1,2.4,-9,-101.6,1.2,-0.1,-5.7
20170214151634583,-1,-0.1,0.1,2.4,-9,-101.6,1.2,-0.1,-5.7
20170214151634583,-1,-0.1,0.1,2.4,-9,-101.6,1.2,-0.1,-5.7
20170214151634583,-1,-0.1,0.1,2.4,-9,-101.6,1.2,-0.1,-5.7
20170214151634583,-1,-0.1,0.1,2.4,-9,-101.6,1.2,-0.1,-5.7
20170214151635576,-1,0,0.1,0.4,-10.6,-102.8,2.4,-0.6,-4.1
20170214151635576,-1,0,0.1,0.4,-10.6,-102.8,2.4,-0.6,-4.1
20170214151635576,-1,0,0.1,0.4,-10.6,-102.8,2.4,-0.6,-4.1
20170214151635576,-1,0,0.1,0.4,-10.6,-102.8,2.4,-0.6,-4.1
20170214151635576,-1,0,0.1,0.4,-10.6,-102.8,2.4,-0.6,-4.1
20170214151635576,-1,0,0.1,0.4,-10.6,-102.8,2.4,-0.6,-4.1
20170214151635576,-1,0,0.1,0.4,-10.6,-102.8,2.4,-0.6,-4.1
20170214151635576,-1,0,0.1,0.4,-10.6,-102.8,2.4,-0.6,-4.1
20170214151635576,-1,0,0.1,0.4,-10.6,-102.8,2.4,-0.6,-4.1
20170214151636568,-1,0,0,0.4,-10.6,-100.7,1,0.1,-6.2
20170214151636568,-1,0,0,0.4,-10.6,-100.7,1,0.1,-6.2
20170214151636568,-1,0,0,0.4,-10.6,-100.7,1,0.1,-6.2
20170214151636568,-1,0,0,0.4,-10.6,-100.7,1,0.1,-6.2
20170214151636568,-1,0,0,0.4,-10.6,-100.7,1,0.1,-6.2
20170214151636569,-1,0,0,0.4,-10.6,-100.7,1,0.1,-6.2
20170214151636569,-1,0,0,0.4,-10.6,-100.7,1,0.1,-6.2
20170214151636570,-1,0,0,0.4,-10.6,-100.7,1,0.1,-6.2
20170214151636570,-1,0,0,0.4,-10.6,-100.7,1,0.1,-6.2
20170214151637760,-0.9,0,0.1,0.6,-11.1,-100.3,1.1,1,-6.9
20170214151637761,-0.9,0,0.1,0.6,-11.1,-100.3,1.1,1,-6.9
20170214151637761,-0.9,0,0.1,0.6,-11.1,-100.3,1.1,1,-6.9
20170214151637761,-0.9,0,0.1,0.6,-11.1,-100.3,1.1,1,-6.9
20170214151637761,-0.9,0,0.1,0.6,-11.1,-100.3,1.1,1,-6.9
20170214151637761,-0.9,0,0.1,0.6,-11.1,-100.3,1.1,1,-6.9
20170214151637761,-0.9,0,0.1,0.6,-11.1,-100.3,1.1,1,-6.9
20170214151637761,-0.9,0,0.1,0.6,-11.1,-100.3,1.1,1,-6.9
20170214151637761,-0.9,0,0.1,0.6,-11.1,-100.3,1.1,1,-6.9
20170214151638755,-1,0,0.1,0.3,-9.3,-101.9,3.1,-0.4,-4.9
20170214151638755,-1,0,0.1,0.3,-9.3,-101.9,3.1,-0.4,-4.9
20170214151638755,-1,0,0.1,0.3,-9.3,-101.9,3.1,-0.4,-4.9
20170214151638755,-1,0,0.1,0.3,-9.3,-101.9,3.1,-0.4,-4.9
20170214151638755,-1,0,0.1,0.3,-9.3,-101.9,3.1,-0.4,-4.9
20170214151638755,-1,0,0.1,0.3,-9.3,-101.9,3.1,-0.4,-4.9
20170214151638755,-1,0,0.1,0.3,-9.3,-101.9,3.1,-0.4,-4.9
20170214151638755,-1,0,0.1,0.3,-9.3,-101.9,3.1,-0.4,-4.9
20170214151638755,-1,0,0.1,0.3,-9.3,-101.9,3.1,-0.4,-4.9
20170214151639748,-1,0.1,0,-0.7,-10.8,-102.4,1.1,0.6,-2.9
20170214151639748,-1,0.1,0,-0.7,-10.8,-102.4,1.1,0.6,-2.9
20170214151639748,-1,0.1,0,-0.7,-10.8,-102.4,1.1,0.6,-2.9
20170214151639748,-1,0.1,0,-0.7,-10.8,-102.4,1.1,0.6,-2.9
20170214151639748,-1,0.1,0,-0.7,-10.8,-102.4,1.1,0.6,-2.9
20170214151639748,-1,0.1,0,-0.7,-10.8,-102.4,1.1,0.6,-2.9
20170214151639748,-1,0.1,0,-0.7,-10.8,-102.4,1.1,0.6,-2.9
20170214151639748,-1,0.1,0,-0.7,-10.8,-102.4,1.1,0.6,-2.9
20170214151639748,-1,0.1,0,-0.7,-10.8,-102.4,1.1,0.6,-2.9
20170214151640742,-0.9,0,0,1.2,-10.2,-101.5,1.3,-0.5,-4.8
20170214151640742,-0.9,0,0,1.2,-10.2,-101.5,1.3,-0.5,-4.8
20170214151640742,-0.9,0,0,1.2,-10.2,-101.5,1.3,-0.5,-4.8
20170214151640743,-0.9,0,0,1.2,-10.2,-101.5,1.3,-0.5,-4.8
20170214151640743,-0.9,0,0,1.2,-10.2,-101.5,1.3,-0.5,-4.8
20170214151640744,-0.9,0,0,1.2,-10.2,-101.5,1.3,-0.5,-4.8
20170214151640744,-0.9,0,0,1.2,-10.2,-101.5,1.3,-0.5,-4.8
20170214151640744,-0.9,0,0,1.2,-10.2,-101.5,1.3,-0.5,-4.8
20170214151640744,-0.9,0,0,1.2,-10.2,-101.5,1.3,-0.5,-4.8
20170214151641737,-1,0,0,0.7,-10.2,-101.5,0.7,1.4,-6
20170214151641737,-1,0,0,0.7,-10.2,-101.5,0.7,1.4,-6
20170214151641737,-1,0,0,0.7,-10.2,-101.5,0.7,1.4,-6
20170214151641737,-1,0,0,0.7,-10.2,-101.5,0.7,1.4,-6
20170214151641737,-1,0,0,0.7,-10.2,-101.5,0.7,1.4,-6
20170214151641737,-1,0,0,0.7,-10.2,-101.5,0.7,1.4,-6
20170214151641737,-1,0,0,0.7,-10.2,-101.5,0.7,1.4,-6
20170214151641737,-1,0,0,0.7,-10.2,-101.5,0.7,1.4,-6
20170214151641737,-1,0,0,0.7,-10.2,-101.5,0.7,1.4,-6
20170214151642729,-1,0,0,0.7,-10.2,-101.2,0.5,0.5,-4.4
20170214151642730,-1,0,0,0.7,-10.2,-101.2,0.5,0.5,-4.4
20170214151642730,-1,0,0,0.7,-10.2,-101.2,0.5,0.5,-4.4
20170214151642730,-1,0,0,0.7,-10.2,-101.2,0.5,0.5,-4.4
20170214151642730,-1,0,0,0.7,-10.2,-101.2,0.5,0.5,-4.4
20170214151642730,-1,0,0,0.7,-10.2,-101.2,0.5,0.5,-4.4
20170214151642730,-1,0,0,0.7,-10.2,-101.2,0.5,0.5,-4.4
20170214151642730,-1,0,0,0.7,-10.2,-101.2,0.5,0.5,-4.4
20170214151642730,-1,0,0,0.7,-10.2,-101.2,0.5,0.5,-4.4
20170214151643723,-0.9,0,0.1,-0.6,-9.9,-101.2,0,-0.6,-3.7
20170214151643723,-0.9,0,0.1,-0.6,-9.9,-101.2,0,-0.6,-3.7
20170214151643723,-0.9,0,0.1,-0.6,-9.9,-101.2,0,-0.6,-3.7
20170214151643723,-0.9,0,0.1,-0.6,-9.9,-101.2,0,-0.6,-3.7
20170214151643723,-0.9,0,0.1,-0.6,-9.9,-101.2,0,-0.6,-3.7
20170214151643723,-0.9,0,0.1,-0.6,-9.9,-101.2,0,-0.6,-3.7
20170214151643723,-0.9,0,0.1,-0.6,-9.9,-101.2,0,-0.6,-3.7
20170214151643723,-0.9,0,0.1,-0.6,-9.9,-101.2,0,-0.6,-3.7
20170214151643723,-0.9,0,0.1,-0.6,-9.9,-101.2,0,-0.6,-3.7
20170214151644717,-1,0,0.1,1.3,-11.1,-103,1.7,-0.8,-5.3
20170214151644717,-1,0,0.1,1.3,-11.1,-103,1.7,-0.8,-5.3
20170214151644717,-1,0,0.1,1.3,-11.1,-103,1.7,-0.8,-5.3
20170214151644717,-1,0,0.1,1.3,-11.1,-103,1.7,-0.8,-5.3
20170214151644717,-1,0,0.1,1.3,-11.1,-103,1.7,-0.8,-5.3
20170214151644717,-1,0,0.1,1.3,-11.1,-103,1.7,-0.8,-5.3
20170214151644717,-1,0,0.1,1.3,-11.1,-103,1.7,-0.8,-5.3
20170214151644717,-1,0,0.1,1.3,-11.1,-103,1.7,-0.8,-5.3
20170214151644717,-1,0,0.1,1.3,-11.1,-103,1.7,-0.8,-5.3
20170214151645711,-1,0,0.1,0.7,-10.2,-102.1,1.8,-1,-3.2
20170214151645711,-1,0,0.1,0.7,-10.2,-102.1,1.8,-1,-3.2
20170214151645711,-1,0,0.1,0.7,-10.2,-102.1,1.8,-1,-3.2
20170214151645711,-1,0,0.1,0.7,-10.2,-102.1,1.8,-1,-3.2
20170214151645711,-1,0,0.1,0.7,-10.2,-102.1,1.8,-1,-3.2
20170214151645711,-1,0,0.1,0.7,-10.2,-102.1,1.8,-1,-3.2
20170214151645711,-1,0,0.1,0.7,-10.2,-102.1,1.8,-1,-3.2
20170214151645711,-1,0,0.1,0.7,-10.2,-102.1,1.8,-1,-3.2
20170214151645711,-1,0,0.1,0.7,-10.2,-102.1,1.8,-1,-3.2
20170214151646704,-1,0,0.1,2.1,-10,-100.3,1.5,-0.6,-6.2
20170214151646704,-1,0,0.1,2.1,-10,-100.3,1.5,-0.6,-6.2
20170214151646704,-1,0,0.1,2.1,-10,-100.3,1.5,-0.6,-6.2
20170214151646704,-1,0,0.1,2.1,-10,-100.3,1.5,-0.6,-6.2
20170214151646704,-1,0,0.1,2.1,-10,-100.3,1.5,-0.6,-6.2
20170214151646704,-1,0,0.1,2.1,-10,-100.3,1.5,-0.6,-6.2
20170214151646704,-1,0,0.1,2.1,-10,-100.3,1.5,-0.6,-6.2
20170214151646704,-1,0,0.1,2.1,-10,-100.3,1.5,-0.6,-6.2
20170214151646704,-1,0,0.1,2.1,-10,-100.3,1.5,-0.6,-6.2
20170214151647698,0,0,1,-0.4,-9,-101.3,1,-1,-6.9
20170214151647698,0,0,1,-0.4,-9,-101.3,1,-1,-6.9
20170214151647698,0,0,1,-0.4,-9,-101.3,1,-1,-6.9
20170214151647698,0,0,1,-0.4,-9,-101.3,1,-1,-6.9
20170214151647698,0,0,1,-0.4,-9,-101.3,1,-1,-6.9
20170214151647698,0,0,1,-0.4,-9,-101.3,1,-1,-6.9
20170214151647698,0,0,1,-0.4,-9,-101.3,1,-1,-6.9
20170214151647698,0,0,1,-0.4,-9,-101.3,1,-1,-6.9
20170214151647698,0,0,1,-0.4,-9,-101.3,1,-1,-6.9
20170214151648692,0,0,1.1,-0.4,-10,-101.3,1.2,-0.3,-4.1
20170214151648692,0,0,1.1,-0.4,-10,-101.3,1.2,-0.3,-4.1
20170214151648692,0,0,1.1,-0.4,-10,-101.3,1.2,-0.3,-4.1
20170214151648692,0,0,1.1,-0.4,-10,-101.3,1.2,-0.3,-4.1
20170214151648692,0,0,1.1,-0.4,-10,-101.3,1.2,-0.3,-4.1
20170214151648692,0,0,1.1,-0.4,-10,-101.3,1.2,-0.3,-4.1
20170214151648692,0,0,1.1,-0.4,-10,-101.3,1.2,-0.3,-4.1
20170214151648692,0,0,1.1,-0.4,-10,-101.3,1.2,-0.3,-4.1
20170214151648692,0,0,1.1,-0.4,-10,-101.3,1.2,-0.3,-4.1
20170214151649685,-1,0,0,-1.6,-53.7,-58,1.7,-0.4,-8.6
20170214151649686,-1,0,0,-1.6,-53.7,-58,1.7,-0.4,-8.6
20170214151649686,-1,0,0,-1.6,-53.7,-58,1.7,-0.4,-8.6
20170214151649686,-1,0,0,-1.6,-53.7,-58,1.7,-0.4,-8.6
20170214151649686,-1,0,0,-1.6,-53.7,-58,1.7,-0.4,-8.6
20170214151649686,-1,0,0,-1.6,-53.7,-58,1.7,-0.4,-8.6
20170214151649686,-1,0,0,-1.6,-53.7,-58,1.7,-0.4,-8.6
20170214151649686,-1,0,0,-1.6,-53.7,-58,1.7,-0.4,-8.6
20170214151649686,-1,0,0,-1.6,-53.7,-58,1.7,-0.4,-8.6
20170214151650679,-0.9,0,0.1,0.7,-53.4,-58.3,1.3,12.4,-7.3
20170214151650679,-0.9,0,0.1,0.7,-53.4,-58.3,1.3,12.4,-7.3
20170214151650679,-0.9,0,0.1,0.7,-53.4,-58.3,1.3,12.4,-7.3
20170214151650680,-0.9,0,0.1,0.7,-53.4,-58.3,1.3,12.4,-7.3
20170214151650680,-0.9,0,0.1,0.7,-53.4,-58.3,1.3,12.4,-7.3
20170214151650680,-0.9,0,0.1,0.7,-53.4,-58.3,1.3,12.4,-7.3
20170214151650680,-0.9,0,0.1,0.7,-53.4,-58.3,1.3,12.4,-7.3
20170214151650680,-0.9,0,0.1,0.7,-53.4,-58.3,1.3,12.4,-7.3
20170214151650680,-0.9,0,0.1,0.7,-53.4,-58.3,1.3,12.4,-7.3
20170214151651673,0.1,0,-1.1,0,-10,-106.7,1.2,-9.5,-5.3
20170214151651673,0.1,0,-1.1,0,-10,-106.7,1.2,-9.5,-5.3
20170214151651673,0.1,0,-1.1,0,-10,-106.7,1.2,-9.5,-5.3
20170214151651673,0.1,0,-1.1,0,-10,-106.7,1.2,-9.5,-5.3
20170214151651673,0.1,0,-1.1,0,-10,-106.7,1.2,-9.5,-5.3
20170214151651673,0.1,0,-1.1,0,-10,-106.7,1.2,-9.5,-5.3
20170214151651673,0.1,0,-1.1,0,-10,-106.7,1.2,-9.5,-5.3
20170214151651673,0.1,0,-1.1,0,-10,-106.7,1.2,-9.5,-5.3
20170214151651673,0.1,0,-1.1,0,-10,-106.7,1.2,-9.5,-5.3
20170214151652667,0,0,-1,0.6,-9.7,-102.4,1.2,0.3,-5.8
20170214151652667,0,0,-1,0.6,-9.7,-102.4,1.2,0.3,-5.8
20170214151652667,0,0,-1,0.6,-9.7,-102.4,1.2,0.3,-5.8
20170214151652667,0,0,-1,0.6,-9.7,-102.4,1.2,0.3,-5.8
20170214151652667,0,0,-1,0.6,-9.7,-102.4,1.2,0.3,-5.8
20170214151652667,0,0,-1,0.6,-9.7,-102.4,1.2,0.3,-5.8
20170214151652667,0,0,-1,0.6,-9.7,-102.4,1.2,0.3,-5.8
20170214151652667,0,0,-1,0.6,-9.7,-102.4,1.2,0.3,-5.8
20170214151652667,0,0,-1,0.6,-9.7,-102.4,1.2,0.3,-5.8
20170214151653660,-1,0.1,0.1,-9.3,-40.3,-187.1,2.4,-0.7,-5.2
20170214151653661,-1,0.1,0.1,-9.3,-40.3,-187.1,2.4,-0.7,-5.2
20170214151653661,-1,0.1,0.1,-9.3,-40.3,-187.1,2.4,-0.7,-5.2
20170214151653661,-1,0.1,0.1,-9.3,-40.3,-187.1,2.4,-0.7,-5.2
20170214151653661,-1,0.1,0.1,-9.3,-40.3,-187.1,2.4,-0.7,-5.2
20170214151653661,-1,0.1,0.1,-9.3,-40.3,-187.1,2.4,-0.7,-5.2
20170214151653661,-1,0.1,0.1,-9.3,-40.3,-187.1,2.4,-0.7,-5.2
20170214151653661,-1,0.1,0.1,-9.3,-40.3,-187.1,2.4,-0.7,-5.2
20170214151653661,-1,0.1,0.1,-9.3,-40.3,-187.1,2.4,-0.7,-5.2
20170214151654654,-0.3,0,0.8,-8.4,-41.5,-189,0.9,34.2,-5.3
20170214151654654,-0.3,0,0.8,-8.4,-41.5,-189,0.9,34.2,-5.3
20170214151654654,-0.3,0,0.8,-8.4,-41.5,-189,0.9,34.2,-5.3
20170214151654654,-0.3,0,0.8,-8.4,-41.5,-189,0.9,34.2,-5.3
20170214151654654,-0.3,0,0.8,-8.4,-41.5,-189,0.9,34.2,-5.3
20170214151654654,-0.3,0,0.8,-8.4,-41.5,-189,0.9,34.2,-5.3
20170214151654654,-0.3,0,0.8,-8.4,-41.5,-189,0.9,34.2,-5.3
20170214151654654,-0.3,0,0.8,-8.4,-41.5,-189,0.9,34.2,-5.3
20170214151654654,-0.3,0,0.8,-8.4,-41.5,-189,0.9,34.2,-5.3
20170214151655648,0.1,0,1,0,-9.7,-103,-0.1,-256,-7.2
20170214151655648,0.1,0,1,0,-9.7,-103,-0.1,-256,-7.2
20170214151655648,0.1,0,1,0,-9.7,-103,-0.1,-256,-7.2
20170214151655648,0.1,0,1,0,-9.7,-103,-0.1,-256,-7.2
20170214151655648,0.1,0,1,0,-9.7,-103,-0.1,-256,-7.2
20170214151655648,0.1,0,1,0,-9.7,-103,-0.1,-256,-7.2
20170214151655648,0.1,0,1,0,-9.7,-103,-0.1,-256,-7.2
20170214151655648,0.1,0,1,0,-9.7,-103,-0.1,-256,-7.2
20170214151655648,0.1,0,1,0,-9.7,-103,-0.1,-256,-7.2
20170214151656642,-0.9,0,0.5,-0.3,-42,-55.9,3.3,-0.2,-5.8
20170214151656642,-0.9,0,0.5,-0.3,-42,-55.9,3.3,-0.2,-5.8
20170214151656642,-0.9,0,0.5,-0.3,-42,-55.9,3.3,-0.2,-5.8
20170214151656642,-0.9,0,0.5,-0.3,-42,-55.9,3.3,-0.2,-5.8
20170214151656642,-0.9,0,0.5,-0.3,-42,-55.9,3.3,-0.2,-5.8
20170214151656642,-0.9,0,0.5,-0.3,-42,-55.9,3.3,-0.2,-5.8
20170214151656642,-0.9,0,0.5,-0.3,-42,-55.9,3.3,-0.2,-5.8
20170214151656642,-0.9,0,0.5,-0.3,-42,-55.9,3.3,-0.2,-5.8
20170214151656642,-0.9,0,0.5,-0.3,-42,-55.9,3.3,-0.2,-5.8
20170214151657636,-1,0,0,0.1,-54.4,-57.7,5,102.5,-6
20170214151657636,-1,0,0,0.1,-54.4,-57.7,5,102.5,-6
20170214151657636,-1,0,0,0.1,-54.4,-57.7,5,102.5,-6
20170214151657636,-1,0,0,0.1,-54.4,-57.7,5,102.5,-6
20170214151657636,-1,0,0,0.1,-54.4,-57.7,5,102.5,-6
20170214151657636,-1,0,0,0.1,-54.4,-57.7,5,102.5,-6
20170214151657636,-1,0,0,0.1,-54.4,-57.7,5,102.5,-6
20170214151657636,-1,0,0,0.1,-54.4,-57.7,5,102.5,-6
20170214151657636,-1,0,0,0.1,-54.4,-57.7,5,102.5,-6
20170214151658629,0,-1,0,2.4,-15.7,-79.4,1.9,-0.6,-5.2
20170214151658630,0,-1,0,2.4,-15.7,-79.4,1.9,-0.6,-5.2
20170214151658630,0,-1,0,2.4,-15.7,-79.4,1.9,-0.6,-5.2
20170214151658630,0,-1,0,2.4,-15.7,-79.4,1.9,-0.6,-5.2
20170214151658630,0,-1,0,2.4,-15.7,-79.4,1.9,-0.6,-5.2
20170214151658630,0,-1,0,2.4,-15.7,-79.4,1.9,-0.6,-5.2
20170214151658630,0,-1,0,2.4,-15.7,-79.4,1.9,-0.6,-5.2
20170214151658630,0,-1,0,2.4,-15.7,-79.4,1.9,-0.6,-5.2
20170214151658630,0,-1,0,2.4,-15.7,-79.4,1.9,-0.6,-5.2
20170214151659623,0,-1,0.1,1,-10.8,-103.7,0.5,0.2,-6.6
20170214151659623,0,-1,0.1,1,-10.8,-103.7,0.5,0.2,-6.6
20170214151659623,0,-1,0.1,1,-10.8,-103.7,0.5,0.2,-6.6
20170214151659623,0,-1,0.1,1,-10.8,-103.7,0.5,0.2,-6.6
20170214151659623,0,-1,0.1,1,-10.8,-103.7,0.5,0.2,-6.6
20170214151659623,0,-1,0.1,1,-10.8,-103.7,0.5,0.2,-6.6
20170214151659623,0,-1,0.1,1,-10.8,-103.7,0.5,0.2,-6.6
20170214151659623,0,-1,0.1,1,-10.8,-103.7,0.5,0.2,-6.6
20170214151659623,0,-1,0.1,1,-10.8,-103.7,0.5,0.2,-6.6
20170214151700617,-1,0,0.1,59.7,-39.3,-65.4,1.9,0.5,-4.9
20170214151700617,-1,0,0.1,59.7,-39.3,-65.4,1.9,0.5,-4.9
20170214151700617,-1,0,0.1,59.7,-39.3,-65.4,1.9,0.5,-4.9
20170214151700617,-1,0,0.1,59.7,-39.3,-65.4,1.9,0.5,-4.9
20170214151700617,-1,0,0.1,59.7,-39.3,-65.4,1.9,0.5,-4.9
20170214151700617,-1,0,0.1,59.7,-39.3,-65.4,1.9,0.5,-4.9
20170214151700617,-1,0,0.1,59.7,-39.3,-65.4,1.9,0.5,-4.9
20170214151700617,-1,0,0.1,59.7,-39.3,-65.4,1.9,0.5,-4.9
20170214151700617,-1,0,0.1,59.7,-39.3,-65.4,1.9,0.5,-4.9
20170214151701611,-1,0,0.1,59.5,-38.7,-64.9,0.9,17.4,-8.3
20170214151701611,-1,0,0.1,59.5,-38.7,-64.9,0.9,17.4,-8.3
20170214151701611,-1,0,0.1,59.5,-38.7,-64.9,0.9,17.4,-8.3
20170214151701611,-1,0,0.1,59.5,-38.7,-64.9,0.9,17.4,-8.3
20170214151701611,-1,0,0.1,59.5,-38.7,-64.9,0.9,17.4,-8.3
20170214151701611,-1,0,0.1,59.5,-38.7,-64.9,0.9,17.4,-8.3
20170214151701611,-1,0,0.1,59.5,-38.7,-64.9,0.9,17.4,-8.3
20170214151701611,-1,0,0.1,59.5,-38.7,-64.9,0.9,17.4,-8.3
20170214151701611,-1,0,0.1,59.5,-38.7,-64.9,0.9,17.4,-8.3
20170214151702605,-1,0,0,2.1,-10.8,-100,1.3,0.4,-4.9
20170214151702605,-1,0,0,2.1,-10.8,-100,1.3,0.4,-4.9
20170214151702605,-1,0,0,2.1,-10.8,-100,1.3,0.4,-4.9
20170214151702605,-1,0,0,2.1,-10.8,-100,1.3,0.4,-4.9
20170214151702605,-1,0,0,2.1,-10.8,-100,1.3,0.4,-4.9
20170214151702605,-1,0,0,2.1,-10.8,-100,1.3,0.4,-4.9
20170214151702605,-1,0,0,2.1,-10.8,-100,1.3,0.4,-4.9
20170214151702605,-1,0,0,2.1,-10.8,-100,1.3,0.4,-4.9
20170214151702605,-1,0,0,2.1,-10.8,-100,1.3,0.4,-4.9
20170214151703598,-1,0,0,2.5,-10.2,-101.5,1.5,-1.1,-5.1
20170214151703599,-1,0,0,2.5,-10.2,-101.5,1.5,-1.1,-5.1
20170214151703599,-1,0,0,2.5,-10.2,-101.5,1.5,-1.1,-5.1
20170214151703599,-1,0,0,2.5,-10.2,-101.5,1.5,-1.1,-5.1
20170214151703599,-1,0,0,2.5,-10.2,-101.5,1.5,-1.1,-5.1
20170214151703599,-1,0,0,2.5,-10.2,-101.5,1.5,-1.1,-5.1
20170214151703599,-1,0,0,2.5,-10.2,-101.5,1.5,-1.1,-5.1
20170214151703599,-1,0,0,2.5,-10.2,-101.5,1.5,-1.1,-5.1
20170214151703599,-1,0,0,2.5,-10.2,-101.5,1.5,-1.1,-5.1
20170214151704592,-1,0,0,2.2,-12,-100.4,1,-1.8,-5.7
20170214151704592,-1,0,0,2.2,-12,-100.4,1,-1.8,-5.7
20170214151704592,-1,0,0,2.2,-12,-100.4,1,-1.8,-5.7
20170214151704592,-1,0,0,2.2,-12,-100.4,1,-1.8,-5.7
20170214151704592,-1,0,0,2.2,-12,-100.4,1,-1.8,-5.7
20170214151704592,-1,0,0,2.2,-12,-100.4,1,-1.8,-5.7
20170214151704592,-1,0,0,2.2,-12,-100.4,1,-1.8,-5.7
20170214151704592,-1,0,0,2.2,-12,-100.4,1,-1.8,-5.7
20170214151704592,-1,0,0,2.2,-12,-100.4,1,-1.8,-5.7
20170214151705586,-1,0,0,3.6,-10.6,-100.4,0.8,0.8,-6
20170214151705586,-1,0,0,3.6,-10.6,-100.4,0.8,0.8,-6
20170214151705586,-1,0,0,3.6,-10.6,-100.4,0.8,0.8,-6
20170214151705586,-1,0,0,3.6,-10.6,-100.4,0.8,0.8,-6
20170214151705586,-1,0,0,3.6,-10.6,-100.4,0.8,0.8,-6
20170214151705586,-1,0,0,3.6,-10.6,-100.4,0.8,0.8,-6
20170214151705586,-1,0,0,3.6,-10.6,-100.4,0.8,0.8,-6
20170214151705586,-1,0,0,3.6,-10.6,-100.4,0.8,0.8,-6
20170214151705586,-1,0,0,3.6,-10.6,-100.4,0.8,0.8,-6
20170214151706579,-1,0,0,3.1,-11.1,-99.2,2.3,0.2,-6.3
20170214151706580,-1,0,0,3.1,-11.1,-99.2,2.3,0.2,-6.3
20170214151706580,-1,0,0,3.1,-11.1,-99.2,2.3,0.2,-6.3
20170214151706580,-1,0,0,3.1,-11.1,-99.2,2.3,0.2,-6.3
20170214151706580,-1,0,0,3.1,-11.1,-99.2,2.3,0.2,-6.3
20170214151706580,-1,0,0,3.1,-11.1,-99.2,2.3,0.2,-6.3
20170214151706580,-1,0,0,3.1,-11.1,-99.2,2.3,0.2,-6.3
20170214151706580,-1,0,0,3.1,-11.1,-99.2,2.3,0.2,-6.3
20170214151706580,-1,0,0,3.1,-11.1,-99.2,2.3,0.2,-6.3
20170214151707573,-1,0,0,1.2,-10.2,-100.4,1.7,-0.1,-7.9
20170214151707575,-1,0,0,1.2,-10.2,-100.4,1.7,-0.1,-7.9
20170214151707575,-1,0,0,1.2,-10.2,-100.4,1.7,-0.1,-7.9
20170214151707575,-1,0,0,1.2,-10.2,-100.4,1.7,-0.1,-7.9
20170214151707575,-1,0,0,1.2,-10.2,-100.4,1.7,-0.1,-7.9
20170214151707575,-1,0,0,1.2,-10.2,-100.4,1.7,-0.1,-7.9
20170214151707575,-1,0,0,1.2,-10.2,-100.4,1.7,-0.1,-7.9
20170214151707575,-1,0,0,1.2,-10.2,-100.4,1.7,-0.1,-7.9
20170214151707575,-1,0,0,1.2,-10.2,-100.4,1.7,-0.1,-7.9
20170214151708567,-1,0,0,4.2,-11.1,-100.9,-0.1,0,-5.1
20170214151708567,-1,0,0,4.2,-11.1,-100.9,-0.1,0,-5.1
20170214151708567,-1,0,0,4.2,-11.1,-100.9,-0.1,0,-5.1
20170214151708567,-1,0,0,4.2,-11.1,-100.9,-0.1,0,-5.1
20170214151708568,-1,0,0,4.2,-11.1,-100.9,-0.1,0,-5.1
20170214151708568,-1,0,0,4.2,-11.1,-100.9,-0.1,0,-5.1
20170214151708568,-1,0,0,4.2,-11.1,-100.9,-0.1,0,-5.1
20170214151708568,-1,0,0,4.2,-11.1,-100.9,-0.1,0,-5.1
20170214151708568,-1,0,0,4.2,-11.1,-100.9,-0.1,0,-5.1
20170214151709759,-0.9,0,0.1,1.5,-11.7,-100.4,2.7,-2,-7.5
20170214151709760,-0.9,0,0.1,1.5,-11.7,-100.4,2.7,-2,-7.5
20170214151709761,-0.9,0,0.1,1.5,-11.7,-100.4,2.7,-2,-7.5
20170214151709761,-0.9,0,0.1,1.5,-11.7,-100.4,2.7,-2,-7.5
20170214151709761,-0.9,0,0.1,1.5,-11.7,-100.4,2.7,-2,-7.5
20170214151709761,-0.9,0,0.1,1.5,-11.7,-100.4,2.7,-2,-7.5
20170214151709763,-0.9,0,0.1,1.5,-11.7,-100.4,2.7,-2,-7.5
20170214151709764,-0.9,0,0.1,1.5,-11.7,-100.4,2.7,-2,-7.5
20170214151709764,-0.9,0,0.1,1.5,-11.7,-100.4,2.7,-2,-7.5
Device Disconnected!
