Timestamp,AccelX,AccelY,AccelZ,MagX,MagY,MagZ,GyroX,GyroY,GyroZ
20170217145444116,0,0,-1,0,0,0,0,0,0
20170217145444118,0,0,-1,0,0,0,0,0,0
20170217145444118,0,0,-1,0,0,0,0,0,0
20170217145444118,0,0,-1,0,0,0,0,0,0
20170217145444118,0,0,-1,0,0,0,0,0,0
20170217145444118,0,0,-1,0,0,0,0,0,0
20170217145444118,0,0,-1,0,0,0,0,0,0
20170217145444118,0,0,-1,0,0,0,0,0,0
20170217145444118,0,0,-1,0,0,0,0,0,0
20170217145445108,0,0.1,-1,-1.5,-44.5,-133.7,-1.8,-3.9,-4.1
20170217145445108,0,0.1,-1,-1.5,-44.5,-133.7,-1.8,-3.9,-4.1
20170217145445108,0,0.1,-1,-1.5,-44.5,-133.7,-1.8,-3.9,-4.1
20170217145445108,0,0.1,-1,-1.5,-44.5,-133.7,-1.8,-3.9,-4.1
20170217145445108,0,0.1,-1,-1.5,-44.5,-133.7,-1.8,-3.9,-4.1
20170217145445109,0,0.1,-1,-1.5,-44.5,-133.7,-1.8,-3.9,-4.1
20170217145445109,0,0.1,-1,-1.5,-44.5,-133.7,-1.8,-3.9,-4.1
20170217145445109,0,0.1,-1,-1.5,-44.5,-133.7,-1.8,-3.9,-4.1
20170217145445109,0,0.1,-1,-1.5,-44.5,-133.7,-1.8,-3.9,-4.1
20170217145446102,0,0,-1,-0.4,-44.8,-135.7,-1.1,-2.8,-3.3
20170217145446102,0,0,-1,-0.4,-44.8,-135.7,-1.1,-2.8,-3.3
20170217145446102,0,0,-1,-0.4,-44.8,-135.7,-1.1,-2.8,-3.3
20170217145446103,0,0,-1,-0.4,-44.8,-135.7,-1.1,-2.8,-3.3
20170217145446103,0,0,-1,-0.4,-44.8,-135.7,-1.1,-2.8,-3.3
20170217145446103,0,0,-1,-0.4,-44.8,-135.7,-1.1,-2.8,-3.3
20170217145446103,0,0,-1,-0.4,-44.8,-135.7,-1.1,-2.8,-3.3
20170217145446103,0,0,-1,-0.4,-44.8,-135.7,-1.1,-2.8,-3.3
20170217145446103,0,0,-1,-0.4,-44.8,-135.7,-1.1,-2.8,-3.3
2017021714544796,0,0,-1.1,-1.5,-43.8,-135.4,-0.2,-2.7,-4.5
2017021714544796,0,0,-1.1,-1.5,-43.8,-135.4,-0.2,-2.7,-4.5
2017021714544796,0,0,-1.1,-1.5,-43.8,-135.4,-0.2,-2.7,-4.5
2017021714544796,0,0,-1.1,-1.5,-43.8,-135.4,-0.2,-2.7,-4.5
2017021714544796,0,0,-1.1,-1.5,-43.8,-135.4,-0.2,-2.7,-4.5
2017021714544796,0,0,-1.1,-1.5,-43.8,-135.4,-0.2,-2.7,-4.5
2017021714544796,0,0,-1.1,-1.5,-43.8,-135.4,-0.2,-2.7,-4.5
2017021714544796,0,0,-1.1,-1.5,-43.8,-135.4,-0.2,-2.7,-4.5
2017021714544796,0,0,-1.1,-1.5,-43.8,-135.4,-0.2,-2.7,-4.5
2017021714544890,0,0,-1,-0.6,-43.9,-135.2,-0.8,-2.4,-3.5
2017021714544890,0,0,-1,-0.6,-43.9,-135.2,-0.8,-2.4,-3.5
2017021714544890,0,0,-1,-0.6,-43.9,-135.2,-0.8,-2.4,-3.5
2017021714544890,0,0,-1,-0.6,-43.9,-135.2,-0.8,-2.4,-3.5
2017021714544890,0,0,-1,-0.6,-43.9,-135.2,-0.8,-2.4,-3.5
2017021714544890,0,0,-1,-0.6,-43.9,-135.2,-0.8,-2.4,-3.5
2017021714544890,0,0,-1,-0.6,-43.9,-135.2,-0.8,-2.4,-3.5
2017021714544890,0,0,-1,-0.6,-43.9,-135.2,-0.8,-2.4,-3.5
2017021714544890,0,0,-1,-0.6,-43.9,-135.2,-0.8,-2.4,-3.5
2017021714544983,0,0,-1,-2.2,-43.8,-135.7,0.9,-3.2,-4.6
2017021714544983,0,0,-1,-2.2,-43.8,-135.7,0.9,-3.2,-4.6
2017021714544983,0,0,-1,-2.2,-43.8,-135.7,0.9,-3.2,-4.6
2017021714544983,0,0,-1,-2.2,-43.8,-135.7,0.9,-3.2,-4.6
2017021714544983,0,0,-1,-2.2,-43.8,-135.7,0.9,-3.2,-4.6
2017021714544983,0,0,-1,-2.2,-43.8,-135.7,0.9,-3.2,-4.6
2017021714544983,0,0,-1,-2.2,-43.8,-135.7,0.9,-3.2,-4.6
2017021714544983,0,0,-1,-2.2,-43.8,-135.7,0.9,-3.2,-4.6
2017021714544983,0,0,-1,-2.2,-43.8,-135.7,0.9,-3.2,-4.6
2017021714545077,0,-0.1,-1,-1.6,-46.2,-135.5,-1.8,-4.5,-4.3
2017021714545077,0,-0.1,-1,-1.6,-46.2,-135.5,-1.8,-4.5,-4.3
2017021714545077,0,-0.1,-1,-1.6,-46.2,-135.5,-1.8,-4.5,-4.3
2017021714545077,0,-0.1,-1,-1.6,-46.2,-135.5,-1.8,-4.5,-4.3
2017021714545077,0,-0.1,-1,-1.6,-46.2,-135.5,-1.8,-4.5,-4.3
2017021714545077,0,-0.1,-1,-1.6,-46.2,-135.5,-1.8,-4.5,-4.3
2017021714545077,0,-0.1,-1,-1.6,-46.2,-135.5,-1.8,-4.5,-4.3
2017021714545077,0,-0.1,-1,-1.6,-46.2,-135.5,-1.8,-4.5,-4.3
2017021714545078,0,-0.1,-1,-1.6,-46.2,-135.5,-1.8,-4.5,-4.3
2017021714545171,0,0,-1,-1.6,-43.3,-136.3,-0.6,-2.7,-3.7
2017021714545172,0,0,-1,-1.6,-43.3,-136.3,-0.6,-2.7,-3.7
2017021714545172,0,0,-1,-1.6,-43.3,-136.3,-0.6,-2.7,-3.7
2017021714545172,0,0,-1,-1.6,-43.3,-136.3,-0.6,-2.7,-3.7
2017021714545172,0,0,-1,-1.6,-43.3,-136.3,-0.6,-2.7,-3.7
2017021714545172,0,0,-1,-1.6,-43.3,-136.3,-0.6,-2.7,-3.7
2017021714545172,0,0,-1,-1.6,-43.3,-136.3,-0.6,-2.7,-3.7
2017021714545172,0,0,-1,-1.6,-43.3,-136.3,-0.6,-2.7,-3.7
2017021714545172,0,0,-1,-1.6,-43.3,-136.3,-0.6,-2.7,-3.7
2017021714545265,0,0,-1,-2.4,-45.1,-134.9,0.4,-3.6,-4.9
2017021714545265,0,0,-1,-2.4,-45.1,-134.9,0.4,-3.6,-4.9
2017021714545265,0,0,-1,-2.4,-45.1,-134.9,0.4,-3.6,-4.9
2017021714545265,0,0,-1,-2.4,-45.1,-134.9,0.4,-3.6,-4.9
2017021714545265,0,0,-1,-2.4,-45.1,-134.9,0.4,-3.6,-4.9
2017021714545265,0,0,-1,-2.4,-45.1,-134.9,0.4,-3.6,-4.9
2017021714545265,0,0,-1,-2.4,-45.1,-134.9,0.4,-3.6,-4.9
2017021714545265,0,0,-1,-2.4,-45.1,-134.9,0.4,-3.6,-4.9
2017021714545265,0,0,-1,-2.4,-45.1,-134.9,0.4,-3.6,-4.9
2017021714545360,0,0,-1,-2.5,-43.5,-135.1,-1,-1.9,-4.2
2017021714545361,0,0,-1,-2.5,-43.5,-135.1,-1,-1.9,-4.2
2017021714545361,0,0,-1,-2.5,-43.5,-135.1,-1,-1.9,-4.2
2017021714545361,0,0,-1,-2.5,-43.5,-135.1,-1,-1.9,-4.2
2017021714545361,0,0,-1,-2.5,-43.5,-135.1,-1,-1.9,-4.2
2017021714545361,0,0,-1,-2.5,-43.5,-135.1,-1,-1.9,-4.2
2017021714545361,0,0,-1,-2.5,-43.5,-135.1,-1,-1.9,-4.2
2017021714545361,0,0,-1,-2.5,-43.5,-135.1,-1,-1.9,-4.2
2017021714545361,0,0,-1,-2.5,-43.5,-135.1,-1,-1.9,-4.2
2017021714545453,0,0,-1.1,-0.3,-44.4,-137,-0.6,-2.5,-4.8
2017021714545453,0,0,-1.1,-0.3,-44.4,-137,-0.6,-2.5,-4.8
2017021714545453,0,0,-1.1,-0.3,-44.4,-137,-0.6,-2.5,-4.8
2017021714545453,0,0,-1.1,-0.3,-44.4,-137,-0.6,-2.5,-4.8
2017021714545453,0,0,-1.1,-0.3,-44.4,-137,-0.6,-2.5,-4.8
2017021714545453,0,0,-1.1,-0.3,-44.4,-137,-0.6,-2.5,-4.8
2017021714545453,0,0,-1.1,-0.3,-44.4,-137,-0.6,-2.5,-4.8
2017021714545453,0,0,-1.1,-0.3,-44.4,-137,-0.6,-2.5,-4.8
2017021714545453,0,0,-1.1,-0.3,-44.4,-137,-0.6,-2.5,-4.8
2017021714545546,0,-0.1,-1,-2.4,-45.1,-136.3,0.2,-3.2,-4.1
2017021714545546,0,-0.1,-1,-2.4,-45.1,-136.3,0.2,-3.2,-4.1
2017021714545546,0,-0.1,-1,-2.4,-45.1,-136.3,0.2,-3.2,-4.1
2017021714545546,0,-0.1,-1,-2.4,-45.1,-136.3,0.2,-3.2,-4.1
2017021714545546,0,-0.1,-1,-2.4,-45.1,-136.3,0.2,-3.2,-4.1
2017021714545546,0,-0.1,-1,-2.4,-45.1,-136.3,0.2,-3.2,-4.1
2017021714545546,0,-0.1,-1,-2.4,-45.1,-136.3,0.2,-3.2,-4.1
2017021714545546,0,-0.1,-1,-2.4,-45.1,-136.3,0.2,-3.2,-4.1
2017021714545546,0,-0.1,-1,-2.4,-45.1,-136.3,0.2,-3.2,-4.1
2017021714545640,0,0,-1,-3.3,-44.8,-135.7,-1.7,-3.1,-5.7
2017021714545640,0,0,-1,-3.3,-44.8,-135.7,-1.7,-3.1,-5.7
2017021714545640,0,0,-1,-3.3,-44.8,-135.7,-1.7,-3.1,-5.7
2017021714545640,0,0,-1,-3.3,-44.8,-135.7,-1.7,-3.1,-5.7
2017021714545640,0,0,-1,-3.3,-44.8,-135.7,-1.7,-3.1,-5.7
2017021714545640,0,0,-1,-3.3,-44.8,-135.7,-1.7,-3.1,-5.7
2017021714545640,0,0,-1,-3.3,-44.8,-135.7,-1.7,-3.1,-5.7
2017021714545640,0,0,-1,-3.3,-44.8,-135.7,-1.7,-3.1,-5.7
2017021714545640,0,0,-1,-3.3,-44.8,-135.7,-1.7,-3.1,-5.7
2017021714545734,0,0.1,-1,-0.7,-44.2,-136.4,-0.8,-3.9,-4.2
2017021714545734,0,0.1,-1,-0.7,-44.2,-136.4,-0.8,-3.9,-4.2
2017021714545734,0,0.1,-1,-0.7,-44.2,-136.4,-0.8,-3.9,-4.2
2017021714545734,0,0.1,-1,-0.7,-44.2,-136.4,-0.8,-3.9,-4.2
2017021714545734,0,0.1,-1,-0.7,-44.2,-136.4,-0.8,-3.9,-4.2
2017021714545734,0,0.1,-1,-0.7,-44.2,-136.4,-0.8,-3.9,-4.2
2017021714545734,0,0.1,-1,-0.7,-44.2,-136.4,-0.8,-3.9,-4.2
2017021714545734,0,0.1,-1,-0.7,-44.2,-136.4,-0.8,-3.9,-4.2
2017021714545734,0,0.1,-1,-0.7,-44.2,-136.4,-0.8,-3.9,-4.2
2017021714545828,0,0,-1,-1.5,-44.8,-134,-1.9,-3.1,-5.2
2017021714545828,0,0,-1,-1.5,-44.8,-134,-1.9,-3.1,-5.2
2017021714545828,0,0,-1,-1.5,-44.8,-134,-1.9,-3.1,-5.2
2017021714545828,0,0,-1,-1.5,-44.8,-134,-1.9,-3.1,-5.2
2017021714545828,0,0,-1,-1.5,-44.8,-134,-1.9,-3.1,-5.2
2017021714545833,0,0,-1,-1.5,-44.8,-134,-1.9,-3.1,-5.2
2017021714545833,0,0,-1,-1.5,-44.8,-134,-1.9,-3.1,-5.2
2017021714545833,0,0,-1,-1.5,-44.8,-134,-1.9,-3.1,-5.2
2017021714545833,0,0,-1,-1.5,-44.8,-134,-1.9,-3.1,-5.2
2017021714545921,0,0,-1,-2.2,-43.5,-136.4,-0.9,-1.8,-2.7
2017021714545922,0,0,-1,-2.2,-43.5,-136.4,-0.9,-1.8,-2.7
2017021714545922,0,0,-1,-2.2,-43.5,-136.4,-0.9,-1.8,-2.7
2017021714545922,0,0,-1,-2.2,-43.5,-136.4,-0.9,-1.8,-2.7
2017021714545922,0,0,-1,-2.2,-43.5,-136.4,-0.9,-1.8,-2.7
2017021714545922,0,0,-1,-2.2,-43.5,-136.4,-0.9,-1.8,-2.7
2017021714545922,0,0,-1,-2.2,-43.5,-136.4,-0.9,-1.8,-2.7
2017021714545922,0,0,-1,-2.2,-43.5,-136.4,-0.9,-1.8,-2.7
2017021714545922,0,0,-1,-2.2,-43.5,-136.4,-0.9,-1.8,-2.7
2017021714550015,-0.9,0,-0.4,-1.2,-44.8,-135.4,1.6,-3.2,-4.6
2017021714550015,-0.9,0,-0.4,-1.2,-44.8,-135.4,1.6,-3.2,-4.6
2017021714550015,-0.9,0,-0.4,-1.2,-44.8,-135.4,1.6,-3.2,-4.6
2017021714550015,-0.9,0,-0.4,-1.2,-44.8,-135.4,1.6,-3.2,-4.6
2017021714550015,-0.9,0,-0.4,-1.2,-44.8,-135.4,1.6,-3.2,-4.6
2017021714550015,-0.9,0,-0.4,-1.2,-44.8,-135.4,1.6,-3.2,-4.6
2017021714550015,-0.9,0,-0.4,-1.2,-44.8,-135.4,1.6,-3.2,-4.6
2017021714550015,-0.9,0,-0.4,-1.2,-44.8,-135.4,1.6,-3.2,-4.6
2017021714550015,-0.9,0,-0.4,-1.2,-44.8,-135.4,1.6,-3.2,-4.6
2017021714550108,-1,0,0,-0.4,-44.2,-135.7,-0.3,-83.3,-5.8
2017021714550109,-1,0,0,-0.4,-44.2,-135.7,-0.3,-83.3,-5.8
2017021714550109,-1,0,0,-0.4,-44.2,-135.7,-0.3,-83.3,-5.8
2017021714550109,-1,0,0,-0.4,-44.2,-135.7,-0.3,-83.3,-5.8
2017021714550109,-1,0,0,-0.4,-44.2,-135.7,-0.3,-83.3,-5.8
2017021714550109,-1,0,0,-0.4,-44.2,-135.7,-0.3,-83.3,-5.8
2017021714550109,-1,0,0,-0.4,-44.2,-135.7,-0.3,-83.3,-5.8
2017021714550109,-1,0,0,-0.4,-44.2,-135.7,-0.3,-83.3,-5.8
2017021714550109,-1,0,0,-0.4,-44.2,-135.7,-0.3,-83.3,-5.8
2017021714550202,-1,0,0.1,5.8,-19.9,-79.7,-0.4,-3.6,-3.3
2017021714550202,-1,0,0.1,5.8,-19.9,-79.7,-0.4,-3.6,-3.3
2017021714550202,-1,0,0.1,5.8,-19.9,-79.7,-0.4,-3.6,-3.3
2017021714550202,-1,0,0.1,5.8,-19.9,-79.7,-0.4,-3.6,-3.3
2017021714550203,-1,0,0.1,5.8,-19.9,-79.7,-0.4,-3.6,-3.3
2017021714550203,-1,0,0.1,5.8,-19.9,-79.7,-0.4,-3.6,-3.3
2017021714550203,-1,0,0.1,5.8,-19.9,-79.7,-0.4,-3.6,-3.3
2017021714550203,-1,0,0.1,5.8,-19.9,-79.7,-0.4,-3.6,-3.3
2017021714550203,-1,0,0.1,5.8,-19.9,-79.7,-0.4,-3.6,-3.3
20170217145502996,-1,0,0.1,6.7,-20.8,-51.7,-1.5,-3.1,-5.5
20170217145502996,-1,0,0.1,6.7,-20.8,-51.7,-1.5,-3.1,-5.5
20170217145502996,-1,0,0.1,6.7,-20.8,-51.7,-1.5,-3.1,-5.5
20170217145502996,-1,0,0.1,6.7,-20.8,-51.7,-1.5,-3.1,-5.5
20170217145502996,-1,0,0.1,6.7,-20.8,-51.7,-1.5,-3.1,-5.5
20170217145502996,-1,0,0.1,6.7,-20.8,-51.7,-1.5,-3.1,-5.5
20170217145502996,-1,0,0.1,6.7,-20.8,-51.7,-1.5,-3.1,-5.5
20170217145502996,-1,0,0.1,6.7,-20.8,-51.7,-1.5,-3.1,-5.5
20170217145502996,-1,0,0.1,6.7,-20.8,-51.7,-1.5,-3.1,-5.5
20170217145503990,-1,0,0,7,-21.3,-51,-0.2,-2.5,-4.4
20170217145503990,-1,0,0,7,-21.3,-51,-0.2,-2.5,-4.4
20170217145503990,-1,0,0,7,-21.3,-51,-0.2,-2.5,-4.4
20170217145503990,-1,0,0,7,-21.3,-51,-0.2,-2.5,-4.4
20170217145503990,-1,0,0,7,-21.3,-51,-0.2,-2.5,-4.4
20170217145503990,-1,0,0,7,-21.3,-51,-0.2,-2.5,-4.4
20170217145503990,-1,0,0,7,-21.3,-51,-0.2,-2.5,-4.4
20170217145503990,-1,0,0,7,-21.3,-51,-0.2,-2.5,-4.4
20170217145503990,-1,0,0,7,-21.3,-51,-0.2,-2.5,-4.4
20170217145504984,-1,0,0,7.3,-20.8,-52.5,0.1,-3.4,-4.1
20170217145504984,-1,0,0,7.3,-20.8,-52.5,0.1,-3.4,-4.1
20170217145504984,-1,0,0,7.3,-20.8,-52.5,0.1,-3.4,-4.1
20170217145504984,-1,0,0,7.3,-20.8,-52.5,0.1,-3.4,-4.1
20170217145504984,-1,0,0,7.3,-20.8,-52.5,0.1,-3.4,-4.1
20170217145504984,-1,0,0,7.3,-20.8,-52.5,0.1,-3.4,-4.1
20170217145504984,-1,0,0,7.3,-20.8,-52.5,0.1,-3.4,-4.1
20170217145504984,-1,0,0,7.3,-20.8,-52.5,0.1,-3.4,-4.1
20170217145504984,-1,0,0,7.3,-20.8,-52.5,0.1,-3.4,-4.1
20170217145505977,-1,0,0,6.9,-22.8,-51.6,-2.3,-3.7,-4.9
20170217145505977,-1,0,0,6.9,-22.8,-51.6,-2.3,-3.7,-4.9
20170217145505977,-1,0,0,6.9,-22.8,-51.6,-2.3,-3.7,-4.9
20170217145505977,-1,0,0,6.9,-22.8,-51.6,-2.3,-3.7,-4.9
20170217145505977,-1,0,0,6.9,-22.8,-51.6,-2.3,-3.7,-4.9
20170217145505977,-1,0,0,6.9,-22.8,-51.6,-2.3,-3.7,-4.9
20170217145505977,-1,0,0,6.9,-22.8,-51.6,-2.3,-3.7,-4.9
20170217145505977,-1,0,0,6.9,-22.8,-51.6,-2.3,-3.7,-4.9
20170217145505978,-1,0,0,6.9,-22.8,-51.6,-2.3,-3.7,-4.9
20170217145506971,-1,0,0,7,-20.1,-51.7,-1.1,-2.9,-3.7
20170217145506971,-1,0,0,7,-20.1,-51.7,-1.1,-2.9,-3.7
20170217145506971,-1,0,0,7,-20.1,-51.7,-1.1,-2.9,-3.7
20170217145506972,-1,0,0,7,-20.1,-51.7,-1.1,-2.9,-3.7
20170217145506972,-1,0,0,7,-20.1,-51.7,-1.1,-2.9,-3.7
20170217145506972,-1,0,0,7,-20.1,-51.7,-1.1,-2.9,-3.7
20170217145506972,-1,0,0,7,-20.1,-51.7,-1.1,-2.9,-3.7
20170217145506972,-1,0,0,7,-20.1,-51.7,-1.1,-2.9,-3.7
20170217145506972,-1,0,0,7,-20.1,-51.7,-1.1,-2.9,-3.7
20170217145507965,-0.3,-0.8,0,8.1,-20.8,-51.7,-0.1,-3.7,-5
20170217145507965,-0.3,-0.8,0,8.1,-20.8,-51.7,-0.1,-3.7,-5
20170217145507965,-0.3,-0.8,0,8.1,-20.8,-51.7,-0.1,-3.7,-5
20170217145507965,-0.3,-0.8,0,8.1,-20.8,-51.7,-0.1,-3.7,-5
20170217145507965,-0.3,-0.8,0,8.1,-20.8,-51.7,-0.1,-3.7,-5
20170217145507965,-0.3,-0.8,0,8.1,-20.8,-51.7,-0.1,-3.7,-5
20170217145507965,-0.3,-0.8,0,8.1,-20.8,-51.7,-0.1,-3.7,-5
20170217145507965,-0.3,-0.8,0,8.1,-20.8,-51.7,-0.1,-3.7,-5
20170217145507965,-0.3,-0.8,0,8.1,-20.8,-51.7,-0.1,-3.7,-5
20170217145508959,0,-1,0,8.1,-21.6,-51,40.9,-7.2,-256
20170217145508959,0,-1,0,8.1,-21.6,-51,40.9,-7.2,-256
20170217145508959,0,-1,0,8.1,-21.6,-51,40.9,-7.2,-256
20170217145508959,0,-1,0,8.1,-21.6,-51,40.9,-7.2,-256
20170217145508959,0,-1,0,8.1,-21.6,-51,40.9,-7.2,-256
20170217145508959,0,-1,0,8.1,-21.6,-51,40.9,-7.2,-256
20170217145508959,0,-1,0,8.1,-21.6,-51,40.9,-7.2,-256
20170217145508959,0,-1,0,8.1,-21.6,-51,40.9,-7.2,-256
20170217145508959,0,-1,0,8.1,-21.6,-51,40.9,-7.2,-256
20170217145509952,0,-1,0,56.1,-29.2,-29.8,-2.1,-2.7,-4.1
20170217145509952,0,-1,0,56.1,-29.2,-29.8,-2.1,-2.7,-4.1
20170217145509952,0,-1,0,56.1,-29.2,-29.8,-2.1,-2.7,-4.1
20170217145509952,0,-1,0,56.1,-29.2,-29.8,-2.1,-2.7,-4.1
20170217145509952,0,-1,0,56.1,-29.2,-29.8,-2.1,-2.7,-4.1
20170217145509952,0,-1,0,56.1,-29.2,-29.8,-2.1,-2.7,-4.1
20170217145509952,0,-1,0,56.1,-29.2,-29.8,-2.1,-2.7,-4.1
20170217145509953,0,-1,0,56.1,-29.2,-29.8,-2.1,-2.7,-4.1
20170217145509953,0,-1,0,56.1,-29.2,-29.8,-2.1,-2.7,-4.1
20170217145511145,0.1,-1,0.1,66.3,-40,-17.8,1.2,-3.5,-4.3
20170217145511145,0.1,-1,0.1,66.3,-40,-17.8,1.2,-3.5,-4.3
20170217145511145,0.1,-1,0.1,66.3,-40,-17.8,1.2,-3.5,-4.3
20170217145511145,0.1,-1,0.1,66.3,-40,-17.8,1.2,-3.5,-4.3
20170217145511145,0.1,-1,0.1,66.3,-40,-17.8,1.2,-3.5,-4.3
20170217145511145,0.1,-1,0.1,66.3,-40,-17.8,1.2,-3.5,-4.3
20170217145511145,0.1,-1,0.1,66.3,-40,-17.8,1.2,-3.5,-4.3
20170217145511145,0.1,-1,0.1,66.3,-40,-17.8,1.2,-3.5,-4.3
20170217145511145,0.1,-1,0.1,66.3,-40,-17.8,1.2,-3.5,-4.3
20170217145511940,0,-1,0,66.1,-40.9,-16.9,-1,-3.1,-5.2
20170217145511940,0,-1,0,66.1,-40.9,-16.9,-1,-3.1,-5.2
20170217145511940,0,-1,0,66.1,-40.9,-16.9,-1,-3.1,-5.2
20170217145511940,0,-1,0,66.1,-40.9,-16.9,-1,-3.1,-5.2
20170217145511940,0,-1,0,66.1,-40.9,-16.9,-1,-3.1,-5.2
20170217145511940,0,-1,0,66.1,-40.9,-16.9,-1,-3.1,-5.2
20170217145511940,0,-1,0,66.1,-40.9,-16.9,-1,-3.1,-5.2
20170217145511940,0,-1,0,66.1,-40.9,-16.9,-1,-3.1,-5.2
20170217145511940,0,-1,0,66.1,-40.9,-16.9,-1,-3.1,-5.2
20170217145512934,0,-1,0,66.7,-40.8,-18.4,-0.6,-4.1,-5.1
20170217145512934,0,-1,0,66.7,-40.8,-18.4,-0.6,-4.1,-5.1
20170217145512934,0,-1,0,66.7,-40.8,-18.4,-0.6,-4.1,-5.1
20170217145512934,0,-1,0,66.7,-40.8,-18.4,-0.6,-4.1,-5.1
20170217145512934,0,-1,0,66.7,-40.8,-18.4,-0.6,-4.1,-5.1
20170217145512934,0,-1,0,66.7,-40.8,-18.4,-0.6,-4.1,-5.1
20170217145512934,0,-1,0,66.7,-40.8,-18.4,-0.6,-4.1,-5.1
20170217145512934,0,-1,0,66.7,-40.8,-18.4,-0.6,-4.1,-5.1
20170217145512934,0,-1,0,66.7,-40.8,-18.4,-0.6,-4.1,-5.1
20170217145513927,0,-1,0,66.6,-39.1,-17.7,-1.2,-2.5,-3.8
20170217145513927,0,-1,0,66.6,-39.1,-17.7,-1.2,-2.5,-3.8
20170217145513927,0,-1,0,66.6,-39.1,-17.7,-1.2,-2.5,-3.8
20170217145513927,0,-1,0,66.6,-39.1,-17.7,-1.2,-2.5,-3.8
20170217145513927,0,-1,0,66.6,-39.1,-17.7,-1.2,-2.5,-3.8
20170217145513928,0,-1,0,66.6,-39.1,-17.7,-1.2,-2.5,-3.8
20170217145513928,0,-1,0,66.6,-39.1,-17.7,-1.2,-2.5,-3.8
20170217145513928,0,-1,0,66.6,-39.1,-17.7,-1.2,-2.5,-3.8
20170217145513928,0,-1,0,66.6,-39.1,-17.7,-1.2,-2.5,-3.8
20170217145514921,0,-1,0.1,65.8,-40.6,-17.2,0.4,-3.3,-3.9
20170217145514921,0,-1,0.1,65.8,-40.6,-17.2,0.4,-3.3,-3.9
20170217145514922,0,-1,0.1,65.8,-40.6,-17.2,0.4,-3.3,-3.9
20170217145514922,0,-1,0.1,65.8,-40.6,-17.2,0.4,-3.3,-3.9
20170217145514922,0,-1,0.1,65.8,-40.6,-17.2,0.4,-3.3,-3.9
20170217145514922,0,-1,0.1,65.8,-40.6,-17.2,0.4,-3.3,-3.9
20170217145514922,0,-1,0.1,65.8,-40.6,-17.2,0.4,-3.3,-3.9
20170217145514922,0,-1,0.1,65.8,-40.6,-17.2,0.4,-3.3,-3.9
20170217145514922,0,-1,0.1,65.8,-40.6,-17.2,0.4,-3.3,-3.9
20170217145516113,0,-1,0,65.8,-41.7,-16.6,1.2,-3.2,-5
20170217145516113,0,-1,0,65.8,-41.7,-16.6,1.2,-3.2,-5
20170217145516114,0,-1,0,65.8,-41.7,-16.6,1.2,-3.2,-5
20170217145516114,0,-1,0,65.8,-41.7,-16.6,1.2,-3.2,-5
20170217145516114,0,-1,0,65.8,-41.7,-16.6,1.2,-3.2,-5
20170217145516114,0,-1,0,65.8,-41.7,-16.6,1.2,-3.2,-5
20170217145516114,0,-1,0,65.8,-41.7,-16.6,1.2,-3.2,-5
20170217145516114,0,-1,0,65.8,-41.7,-16.6,1.2,-3.2,-5
20170217145516114,0,-1,0,65.8,-41.7,-16.6,1.2,-3.2,-5
20170217145517108,0,-1,0,67,-42.1,-18.1,-1.6,-3.7,-4.7
20170217145517108,0,-1,0,67,-42.1,-18.1,-1.6,-3.7,-4.7
20170217145517108,0,-1,0,67,-42.1,-18.1,-1.6,-3.7,-4.7
20170217145517108,0,-1,0,67,-42.1,-18.1,-1.6,-3.7,-4.7
20170217145517108,0,-1,0,67,-42.1,-18.1,-1.6,-3.7,-4.7
20170217145517108,0,-1,0,67,-42.1,-18.1,-1.6,-3.7,-4.7
20170217145517108,0,-1,0,67,-42.1,-18.1,-1.6,-3.7,-4.7
20170217145517108,0,-1,0,67,-42.1,-18.1,-1.6,-3.7,-4.7
20170217145517108,0,-1,0,67,-42.1,-18.1,-1.6,-3.7,-4.7
20170217145518101,0,-1,0,67.5,-41.1,-18.4,-0.4,-4,-3.1
20170217145518101,0,-1,0,67.5,-41.1,-18.4,-0.4,-4,-3.1
20170217145518102,0,-1,0,67.5,-41.1,-18.4,-0.4,-4,-3.1
20170217145518102,0,-1,0,67.5,-41.1,-18.4,-0.4,-4,-3.1
20170217145518102,0,-1,0,67.5,-41.1,-18.4,-0.4,-4,-3.1
20170217145518102,0,-1,0,67.5,-41.1,-18.4,-0.4,-4,-3.1
20170217145518102,0,-1,0,67.5,-41.1,-18.4,-0.4,-4,-3.1
20170217145518102,0,-1,0,67.5,-41.1,-18.4,-0.4,-4,-3.1
20170217145518102,0,-1,0,67.5,-41.1,-18.4,-0.4,-4,-3.1
